0.005	2.6185073118012783	0.4919392727840497
0.005	0.018661944885292058	0.17947785414176362
0.005	0.010045974313717319	0.3976889262149244
0.005	0.007253369473486574	0.42523021368490266
0.005	0.0005526971081973407	0.4315606290013105
0.005	-0.0044726718926052685	0.4911936345892041
0.005	-0.012910206277149524	0.3455110820574973
0.005	-0.03921042211560957	0.5005038494950125
0.005	-0.044982917072272796	0.25137091720846705
0.005	-0.05371847404766956	0.21283464663924356
0.005	-0.06047001229392891	0.3630583875235689
0.005	-0.06547450473143575	0.38970571836108775
0.005	-0.07661095466286934	0.39877562520230014
0.005	-0.08691783703522665	0.3950194914019419
0.005	-0.0973438151747678	0.30225834825893644
0.005	-2.6609801381448666	0.47923388386460974
0.01	2.5991460743893904	0.49934763497210616
0.01	0.03619246207752382	0.18020124257726505
0.01	0.018832290674716513	0.40720732313385377
0.01	0.013247819093661786	0.42957976677538157
0.01	-0.0005149646148141783	0.42614571314936334
0.01	-0.010158900781168158	0.4928351505934966
0.01	-0.02702475022733157	0.34344841074935684
0.01	-0.08001605441240518	0.4958841163524529
0.01	-0.0916871038552412	0.24945452470211626
0.01	-0.10854165663586017	0.20958123235100634
0.01	-0.1225081777268701	0.3589795247851679
0.01	-0.13333957861170795	0.3835392740388639
0.01	-0.15513486357338932	0.4006677079945544
0.01	-0.1763139815749698	0.3988154478497683
0.01	-0.19661589007818372	0.30314853738323083
0.01	-2.6861928422298766	0.47319241649225224
0.015	2.5777766719843647	0.5060691022033205
0.015	0.05239195789469046	0.18101964586848907
0.015	0.0262376228769628	0.4153356502395237
0.015	0.017837433948157875	0.43381767617689315
0.015	-0.003400979900376438	0.42096110412359017
0.015	-0.017236829925899054	0.49464490313268916
0.015	-0.04251632169028494	0.3414632124520086
0.015	-0.1225612456096214	0.49189307085247236
0.015	-0.14026406163846297	0.24744121677197817
0.015	-0.16460457860136896	0.2072916385771586
0.015	-0.18624833429247603	0.3557223849529458
0.015	-0.2036605521752353	0.3779110079182326
0.015	-0.23570581006608474	0.4024313571597452
0.015	-0.26827604132062416	0.4036119492616949
0.015	-0.2978450829307313	0.30573895332544676
0.015	-2.7120706873731733	0.465975841136427
0.02	2.5540332179516008	0.5119117578988459
0.02	0.06704750902454822	0.18192728229360342
0.02	0.03212027913148033	0.42219817389777964
0.02	0.020866982520467727	0.4379445345483731
0.02	-0.008312500765221605	0.4160578860325918
0.02	-0.025898193365994544	0.4966384813517757
0.02	-0.05957129371656207	0.33955241454684326
0.02	-0.16700791024931744	0.48854167241952995
0.02	-0.19087820079561754	0.24537546075629707
0.02	-0.22206069914344273	0.20575321565793864
0.02	-0.25183874219254093	0.3531379526277008
0.02	-0.27651370967710126	0.3727542578272812
0.02	-0.31847024077889413	0.404135245107578
0.02	-0.3628937325088191	0.4095234725980767
0.02	-0.40106729273493363	0.3101360597717797
0.02	-2.738851606385362	0.45767907865876695
0.025	2.5275581846134774	0.5167155732943627
0.025	0.0799322496462411	0.18291890408170397
0.025	0.03631809433300125	0.42793444410791937
0.025	0.022169020779135802	0.44196852988706165
0.025	-0.015465874808818725	0.4114730909091363
0.025	-0.03634924464606839	0.4988316326476965
0.025	-0.07839048428303728	0.3377142623284394
0.025	-0.2135359312255863	0.48583851855801535
0.025	-0.2437075349710759	0.24329437093289297
0.025	-0.28108139722851133	0.20479131649257604
0.025	-0.3194422271104432	0.3511184761663485
0.025	-0.35198915333037895	0.36802298327670546
0.025	-0.40358743698403005	0.4058574122718483
0.025	-0.4602580918231501	0.4166659799394241
0.025	-0.5063276990827842	0.31641789726967645
0.025	-2.7668163889330595	0.44844933609358983
0.03	2.498004361584167	0.5203617368995911
0.03	0.09080509948787653	0.18399015202104552
0.03	0.038648836723406695	0.4326763998044856
0.03	0.021561535489136717	0.4458981699458178
0.03	-0.025086617227714655	0.40722622167180633
0.03	-0.04881129630647877	0.5012390107257438
0.03	-0.09918955029465129	0.33594824156710945
0.03	-0.26234313983968616	0.48378705378437437
0.03	-0.2989440061030053	0.24122760432508553
0.03	-0.341855541530194	0.2042628668755186
0.03	-0.38923612479095515	0.34958334722014756
0.03	-0.4301924080160696	0.3636862943758772
0.03	-0.4912294481389882	0.407685609456864
0.03	-0.5604593924052076	0.42514555852734964
0.03	-0.6136833099364832	0.3246250313879397
0.03	-2.7962933881127356	0.4384830791926688
0.035	2.465036364545459	0.5227791665787926
0.035	0.09941103587834654	0.1851378615143584
0.035	0.0389111811263755	0.4365352236709733
0.035	0.018846465261086038	0.4497379342494633
0.035	-0.03740909572268174	0.40331699638901786
0.035	-0.06352067405263911	0.5038725108420217
0.035	-0.12219881651184192	0.33425501137786084
0.035	-0.31364466440999206	0.4823827653116781
0.035	-0.3567932479278662	0.23919764196709603
0.035	-0.4045887812249714	0.2040505317663308
0.035	-0.46141176845452475	0.3484701704144096
0.035	-0.511244848161171	0.3597256283328447
0.035	-0.5815802082218992	0.4097183110766214
0.035	-0.6635832010725254	0.43503612057349694
0.035	-0.7232060926769686	0.33474084492840805
0.035	-2.8276621505278694	0.4280191501651627
0.04	2.4283319071536327	0.5239473606121172
0.04	0.10548219149800916	0.1863603051846298
0.04	0.0368864490209664	0.4395957587189704
0.04	0.01380942103365944	0.4534858787468895
0.04	-0.052675601836991645	0.3997238966942088
0.04	-0.08072781156230564	0.5067389560551527
0.04	-0.14766226260711274	0.3326363464736148
0.04	-0.3676713635926588	0.48161127787392455
0.04	-0.4174735139626829	0.23722043549219135
0.04	-0.4695021763875535	0.20405767673911412
0.04	-0.5361732064103837	0.3477286842080119
0.04	-0.5952828501955829	0.3561336907422901
0.04	-0.6748334555453672	0.41206648630915377
0.04	-0.7697038279391052	0.44633874342373564
0.04	-0.8349870701813334	0.3466529239372713
0.04	-2.8613554811688466	0.4173285074629901
0.045	2.3875832180661396	0.5238952685979261
0.045	0.10874015412410222	0.1876574160307761
0.045	0.03234145918240709	0.44191584947111373
0.045	0.006220961025775053	0.4571324037126451
0.045	-0.07113437434632325	0.396403105802256
0.045	-0.1006951174296927	0.5098369222188797
0.045	-0.17583529613726856	0.33109508798078896
0.045	-0.42466696890382677	0.48144821498881807
0.045	-0.4812133983034986	0.235306432354505
0.045	-0.5368297271457881	0.20420427951416523
0.045	-0.6137347547180536	0.3473164243743475
0.045	-0.682455408499166	0.3529150248721846
0.045	-0.7711889483691341	0.4148561309486897
0.045	-0.8788742688467238	0.45891300629306786
0.045	-0.9491418406343208	0.36008453969299786
0.045	-2.8978593734911695	0.4067015073264013
0.05	2.34249917147571	0.5226964681354935
0.05	0.10889995054086692	0.18903099392486758
0.05	0.025032966564300672	0.4435286654112142
0.05	-0.004160148187665885	0.46065974813104704
0.05	-0.09303603290920318	0.39328725114508545
0.05	-0.12369313963817123	0.5131523516766667
0.05	-0.20698083223711644	0.3296350956691087
0.05	-0.48488345695424073	0.4818610300673002
0.05	-0.5482478694839601	0.23346193830961487
0.05	-0.6068142775276308	0.2044237699009605
0.05	-0.6943168899952017	0.34719577668632695
0.05	-0.7729197916782442	0.35008821025348036
0.05	-0.8708463093629427	0.41823135816688417
0.05	-0.9911117923504211	0.47237254368188797
0.05	-1.0658178865087284	0.37448554159742653
0.05	-2.9377101172498876	0.3964338772455428
0.055	2.2928088736998995	0.5204614704132013
0.055	0.10567630003172294	0.1904849106075654
0.055	0.014714283373784762	0.44444660090300214
0.055	-0.017581155977138854	0.4640420436474718
0.055	-0.11862778292902322	0.39028358342615144
0.055	-0.14999444879743382	0.5166525307828669
0.055	-0.2413630964786662	0.3282612000686681
0.055	-0.5485740696250928	0.4828121357857716
0.055	-0.6188120323359535	0.23169068042939123
0.055	-0.679701181181946	0.20466067378014435
0.055	-0.7781398871123526	0.34733227621672536
0.055	-0.8668346646364502	0.3476893848711515
0.055	-0.9739956448778353	0.4223574376412868
0.055	-1.106378957630468	0.485952738999277
0.055	-1.1852034391264654	0.38888421727506334
0.055	-2.9814877331009906	0.38681249731455986
0.06	2.2382675694148557	0.5173283230699592
0.06	0.09879279566747838	0.19202531510408716
0.06	0.0011447524438375311	0.4446660513613125
0.06	-0.034286429802819554	0.4672459002080632
0.06	-0.14814469018127074	0.3872713248404407
0.06	-0.17986458733837715	0.5202779030976185
0.06	-0.2792384934451026	0.3269791504578131
0.06	-0.61598332792864	0.4842622585371189
0.06	-0.6931319590500677	0.22999541121993466
0.06	-0.7557290534397008	0.2048689117846601
0.06	-0.8654145353524353	0.3476939384098739
0.06	-0.9643499825275338	0.34577639313388137
0.06	-1.0808038828687703	0.42742239713879226
0.06	-1.2245617514584182	0.4984051236195549
0.06	-1.307535951446708	0.40174304774279523
0.06	-3.0298046879233302	0.3781018529947324
0.065	2.1786657430824845	0.513452772741779
0.065	0.08799466451617984	0.19366083625340547
0.065	-0.015897265279614402	0.44417269800401754
0.065	-0.054504822894942885	0.47023158610788157
0.065	-0.18179734240995699	0.38409825097877864
0.065	-0.21354943649464225	0.5239311486271749
0.065	-0.3208428895034489	0.3257955582166441
0.065	-0.6873333920081529	0.4861731973041179
0.065	-0.7714119365762234	0.22837948257611113
0.065	-0.8351169473680954	0.20501062411195795
0.065	-0.9563292740056714	0.3482513082715779
0.065	-1.0655929174587715	0.34443249210148136
0.065	-1.1913955869849793	0.43363430710277107
0.065	-1.3454504384610313	0.5080589018307657
0.065	-1.4331047728818866	0.41094388052152403
0.065	-3.0832886736910354	0.3705316937059836
0.07	3.140627107389582	0.3642862247479436
0.07	2.1138421196486603	0.5089991090115533
0.07	0.07306559677990086	0.19540277378746612
0.07	-0.03659739197712159	0.44294710141938104
0.07	-0.07843284411055645	0.4729548851227127
0.07	-0.21975538855177046	0.3805770784440065
0.07	-0.2512585103176774	0.5274630755083616
0.07	-0.366374818521914	0.3247178352923032
0.07	-0.7628062804547238	0.48850968027741426
0.07	-0.8538176382189353	0.2268484131838995
0.07	-0.9180474572801911	0.2050554303181461
0.07	-1.0510332494791983	0.3489779146281636
0.07	-1.1706491748388674	0.3437678949321845
0.07	-1.3058268941133302	0.4412085081831847
0.07	-1.4687341303961472	0.5132535964031681
0.07	-1.5622380460751801	0.4141120295384422
0.075	3.074995271894051	0.35949526724605047
0.075	2.0437008234404166	0.5041325089950033
0.075	0.05384872173100215	0.19726527084073542
0.075	-0.061084141349823304	0.4409705300467953
0.075	-0.10621356832065922	0.4753696640226367
0.075	-0.26212687134682594	0.37648312664318656
0.075	-0.29314409156877735	0.5306553662101208
0.075	-0.41597453059508566	0.32375412945743476
0.075	-0.8425218736951056	0.49124038981486984
0.075	-0.9404551390241971	0.2254115034416604
0.075	-1.004645667606567	0.2049800722839346
0.075	-1.1496152074443748	0.3498509209203145
0.075	-1.2795393784364804	0.3439165941299922
0.075	-1.4240513047345282	0.4503338627685811
0.075	-1.5940228510503007	0.5131933760533831
0.075	-1.6952624084903574	0.40943678045591997
0.08	3.002506934051031	0.3562283320478788
0.08	1.9682321484391458	0.49901333142430904
0.08	0.03027104930697062	0.19926546829864492
0.08	-0.08940441479634507	0.43823087312760245
0.08	-0.1379119777715016	0.47743112549634137
0.08	-0.30893404402502705	0.3715562524547407
0.08	-0.33927687270765583	0.5332014708743761
0.08	-0.46969956250263784	0.3229132589473944
0.08	-0.9265123853999453	0.494338367345345
0.08	-1.0313464532163399	0.22408352100742956
0.08	-1.0949546260754817	0.20476842086111036
0.08	-1.2520788910380931	0.35085191488608775
0.08	-1.392190830478831	0.34502672306833077
0.08	-1.5458765717621936	0.46109900428847345
0.08	-1.7209035991266934	0.5087711874759753
0.08	-1.8324331265236935	0.3967195421137569
0.085	2.9227981323941656	0.3544933365614923
0.085	1.88753519266238	0.49379345181718026
0.085	0.0023695458564555283	0.20142365450693284
0.085	-0.12149741804259633	0.4347284156091937
0.085	-0.17348857152426353	0.4790996113896101
0.085	-0.3600875330663942	0.3655124788907246
0.085	-0.3896198981414181	0.5346895395156706
0.085	-0.5274986588193004	0.32220464940868365
0.085	-1.0146951369907236	0.4977810005429266
0.085	-1.126403422037384	0.2228864061897733
0.085	-1.1889091707913026	0.20441184787381741
0.085	-1.3583167640525564	0.3519679248075597
0.085	-1.508405904086546	0.3472471244901923
0.085	-1.6709134439774214	0.4733513223132409
0.085	-1.8490187762521504	0.50252436304839
0.085	-1.9738520827295523	0.3777979624041541
0.09	2.835685794872699	0.3542422894659271
0.09	1.8018391172419639	0.48861443212391553
0.09	-0.0296844339847301	0.20376344878459218
0.09	-0.15717027844770956	0.4304811623567041
0.09	-0.21277452679191292	0.4803447108231571
0.09	-0.41536218466430125	0.3580740694586692
0.09	-0.44400402477319545	0.5345958754141917
0.09	-0.5891873196137569	0.3216382767279126
0.09	-1.1068469193653976	0.5015497352906413
0.09	-1.2254032262492165	0.22185082795747724
0.09	-1.2863113874786465	0.2039099714034911
0.09	-1.4680853201738597	0.35319288137338256
0.09	-1.627829471710009	0.3507157925437977
0.09	-1.7985208581854897	0.48646902858244123
0.09	-1.9781417781555461	0.4974157582799712
0.09	-2.119404459780536	0.355805839519414
0.095	2.741214822468997	0.3553859384836289
0.095	1.7115183404338583	0.4836070830822264
0.095	-0.06556705266915135	0.20631208261409312
0.095	-0.19608005833774003	0.42552932688243483
0.095	-0.2554531144020295	0.481149317164683
0.095	-0.47437938433530374	0.34903018510158657
0.095	-0.5021094998076443	0.5323040855776631
0.095	-0.6544296669046041	0.321224618286803
0.095	-1.2025846456715976	0.5056295972676066
0.095	-1.327970211809096	0.22101724950442636
0.095	-1.386812387524472	0.20327177098064303
0.095	-1.5809866472840854	0.35452989035408833
0.095	-1.7499187556759306	0.3555478154664132
0.095	-1.9277611042564522	0.4990984503636936
0.095	-2.108229040481251	0.49519549862680057
0.095	-2.268734856585383	0.33384524863801635
0.1	2.6396927707707407	0.3578174669066713
0.1	1.6170961662784924	0.4788917665426272
0.1	-0.10479571506449832	0.20910087282219297
0.1	-0.23772764909572064	0.4199385968778728
0.1	-0.30105286616686	0.48151321043268763
0.1	-0.5366014645008986	0.33834110067846124
0.1	-0.5634590124314939	0.5271719174062046
0.1	-0.7227321133186987	0.32097461453951104
0.1	-1.3013577957224924	0.5100085690409675
0.1	-1.4335695044529835	0.2204359528079995
0.1	-1.4899058852222282	0.2025170346223357
0.1	-1.6964616924606182	0.35599489934154893
0.1	-1.8739192329406453	0.36180474927001705
0.1	-2.0573959596731535	0.509120888075739
0.1	-2.2394344578327323	0.49538293446728243
0.1	-2.421260928260766	0.31406347259393597
0.105	2.5317028753020647	0.36144192740220976
0.105	1.519231905477302	0.4745785205694645
0.105	-0.14673953381720217	0.2121660050682718
0.105	-0.2814684689823563	0.4138018828235832
0.105	-0.3489574372076805	0.48145573878207915
0.105	-0.6013432632547256	0.32629310274015305
0.105	-0.6274270075154619	0.5186682480890072
0.105	-0.7934537563094567	0.3208996413759214
0.105	-1.4024576011836825	0.5146768481808545
0.105	-1.5415173231232318	0.22016530828940034
0.105	-1.5949384888458709	0.20167803502773762
0.105	-1.8138000881441463	0.3576227210788248
0.105	-1.9988492545532952	0.36941492388780073
0.105	-2.185976988964684	0.5143904882511792
0.105	-2.3720590340744594	0.4954689936058444
0.105	-2.5762112728114066	0.29748136978324513
0.11	2.4180886997903768	0.366204533570869
0.11	1.4186889743306357	0.470765666012392
0.11	-0.1906490398429578	0.21554976873967951
0.11	-0.32654247602916353	0.407239440439173
0.11	-0.3984347011085078	0.4810172543835367
0.11	-0.6678034264508652	0.3136851444580451
0.11	-0.6932676985253003	0.5065849832014679
0.11	-0.8658360104573792	0.3210114921617735
0.11	-1.5050455213312197	0.5196260052717043
0.11	-1.6510104809851922	0.22026762243121661
0.11	-1.7011392039502478	0.20080123345632855
0.11	-1.9321689443832624	0.3594770672198604
0.11	-2.1234943106675823	0.3780073443783444
0.11	-2.3120797572942515	0.5144667794910824
0.11	-2.5064012424162723	0.49223200995703315
0.11	-2.7326773838746563	0.28427965618267004
0.115	2.2999092566924886	0.3721092874123694
0.115	1.3162855594082032	0.46753493844857374
0.115	-0.2357035750977289	0.21930240691711836
0.115	-0.3721219473491561	0.4003975256295704
0.115	-0.4486835584891446	0.48025912146381206
0.115	-0.7351138105132878	0.3018126487402894
0.115	-0.7601603268543385	0.491282211089582
0.115	-0.9390499280331491	0.32132236678659326
0.115	-1.6081995125070954	0.524848061238364
0.115	-1.76117348535451	0.2208022808637446
0.115	-1.807666582413076	0.1999486900715665
0.115	-2.0506588688188874	0.3616675334124899
0.115	-2.2464123557479487	0.3866392904523845
0.115	-2.434650768291705	0.5118815503165601
0.115	-2.6425341876199107	0.48309329581682015
0.115	-2.8896747114075274	0.2741714252826239
0.12	2.178370519236219	0.3792211224520754
0.12	1.2128340742787884	0.46494077026756014
0.12	-0.2810702245647458	0.22348477505404427
0.12	-0.41737090967823376	0.3934460415897352
0.12	-0.4988923711917922	0.47926233156866027
0.12	-0.8024004954320364	0.29179944573684474
0.12	-0.8272659175188486	0.4738596152292787
0.12	-1.0122550858318238	0.32184486314142896
0.12	-1.7109720405318483	0.5303345020735459
0.12	-1.871117049942815	0.22181649428864003
0.12	-1.9136673799466888	0.19919879513215566
0.12	-2.1683407506647483	0.364378902852575
0.12	-2.3659612688401617	0.39352414583450757
0.12	-2.553303062269964	0.510424978424582
0.12	-2.7801427921473176	0.46801418384326476
0.12	-3.046208383738279	0.2666819510464066
0.125	3.081848465659625	0.2613106638632229
0.125	2.0547451022523995	0.3876492191078337
0.125	1.1090790658331828	0.4629924975544022
0.125	-0.32596479903007197	0.22817204186292855
0.125	-0.4615067836673441	0.38657592439667987
0.125	-0.5482996027044461	0.47812498696571676
0.125	-0.8688463308379197	0.2844226695883728
0.125	-0.8937866996690634	0.4561099433015188
0.125	-1.0846605820628508	0.32259196526845324
0.125	-1.8124504716227527	0.5360752335479477
0.125	-1.9799984565757338	0.22333446345761265
0.125	-2.018337268346059	0.198646204635716
0.125	-2.2843232103534747	0.36792274508894063
0.125	-2.480385234683932	0.3962151007096181
0.125	-2.668369602940209	0.5113298872626799
0.125	-2.9185472148840064	0.4496681751362056
0.13	2.9289599382417215	0.2576072398127799
0.13	1.9302940736032244	0.3975141329242424
0.13	1.0056439917428015	0.46163267249387
0.13	-0.36970473148118793	0.2334587084364349
0.13	-0.5038541895558525	0.37999724053907
0.13	-0.5962466141162815	0.47695909802477027
0.13	-0.933744289158079	0.2804288837166884
0.13	-0.9590187425259985	0.44016519953542155
0.13	-1.1555780541468919	0.32357702099005936
0.13	-1.9118098630633298	0.5420574325189184
0.13	-2.0870734912810898	0.22534692455408245
0.13	-2.120973568043642	0.19840242027977267
0.13	-2.39779936484594	0.3728299382853023
0.13	-2.5880217023053103	0.39296386556907525
0.13	-2.7806586934060395	0.5117648316235897
0.13	-3.056879761476387	0.43126910528006135
0.135	3.0889056679426377	0.4150117552155088
0.135	2.779002277751981	0.2551979597762547
0.135	1.806202609119923	0.4089046816672286
0.135	0.9029950907267045	0.46072040301759654
0.135	-0.41174608707744004	0.23946523928377025
0.135	-0.5438832487724611	0.3739391194839126
0.135	-0.6422149264711176	0.4758872450040623
0.135	-0.9965336026088828	0.280414497911419
0.135	-1.0223903743127147	0.42791061370610467
0.135	-1.2244589878331444	0.3248137011256724
0.135	-2.00835054746103	0.5482641599216951
0.135	-2.1917318734184565	0.22780969852258906
0.135	-2.2210124695642803	0.19860473292011066
0.135	-2.5080725822453465	0.38001790327864976
0.135	-2.687642594503058	0.38496922040264203
0.135	-2.8910160770748856	0.507392192325798
0.14	2.953167675587447	0.4018722061502731
0.14	2.6325051022548878	0.25378756295114024
0.14	1.6835358263861464	0.4218316138902064
0.14	0.801426448412001	0.4600288691746124
0.14	-0.4517011422019188	0.24634652228265524
0.14	-0.5812290424590777	0.3686527222093689
0.14	-0.6858445516024477	0.47503966448140494
0.14	-1.056815493981395	0.28465268134190136
0.14	-1.0834826935980189	0.420433196575951
0.14	-1.290912875761801	0.32631593172863116
0.14	-2.101517193627741	0.5546724598819486
0.14	-2.2935119756294466	0.230693206567265
0.14	-2.3180478916540577	0.1994662405784656
0.14	-2.6145521633754836	0.3910862115355781
0.14	-2.778783062399955	0.37718038918691127
0.14	-2.99992660096337	0.49638310515410267
0.145	2.819641322878699	0.39202321687916286
0.145	2.489837253241893	0.2531510976252638
0.145	1.563215062849702	0.4361849886502329
0.145	0.7010660342380162	0.4592595295878693
0.145	-0.4893374002227109	0.25430205043499077
0.145	-0.61569340098801	0.36441846105268794
0.145	-0.7269344590186463	0.4745522452419648
0.145	-1.1143501755377143	0.29303757604764546
0.145	-1.1420325352539455	0.41781078226567414
0.145	-1.3547072419359252	0.32809779079342716
0.145	-2.190900471523954	0.5612505041680899
0.145	-2.3920938959797318	0.2342868588088679
0.145	-2.411834765803839	0.20150839490571926
0.145	-2.7167072841336433	0.4087800544801428
0.145	-2.8618409056003813	0.37657352398092114
0.145	-3.1073965832433625	0.4805793252442618
0.15	3.070064149758509	0.46329571076181375
0.15	2.688698816987769	0.38525976346690083
0.15	2.3512211162544694	0.25312314323261637
0.15	1.4460102767923275	0.45170230139164835
0.15	0.601899336128599	0.4580708399192654
0.15	-0.524562008085286	0.26358681873458517
0.15	-0.6472334369232341	0.36155859687204617
0.15	-0.7654294212058609	0.4745657871231706
0.15	-1.169040002080272	0.30512989064333895
0.15	-1.1979213655199223	0.4193145761725402
0.15	-1.4157537104930675	0.33017336095333505
0.15	-2.2762255810267833	0.5679532229519602
0.15	-2.487268923829435	0.24071952831041174
0.15	-2.5022868671493033	0.20652828936732404
0.15	-2.813954652629769	0.4373633768526827
0.15	-2.937957262015164	0.39091165689451274
0.155	2.966463002706805	0.4471039659125992
0.155	2.5605608559747233	0.38126209569948
0.155	2.2167552156171033	0.2535877382607286
0.155	1.3325421958342711	0.46795503579276027
0.155	0.5038057241973098	0.45612048265413413
0.155	-0.5573967333806763	0.27451979489363804
0.155	-0.6759426219018468	0.36045593984938434
0.155	-0.8013987852624461	0.4752267206623983
0.155	-1.2209047182743733	0.32024903891236667
0.155	-1.2511550953884543	0.42380436858812176
0.155	-1.4740855814685039	0.3325565302361065
0.155	-2.35733315034763	0.5747159154292223
0.155	-2.5788674154888676	0.25994367883448427
0.155	-2.589497870152133	0.22153944128309871
0.155	-2.905429477908325	0.4809259633187403
0.155	-3.008939174325885	0.42973410586438304
0.16	2.8652876026352	0.4332634094833982
0.16	2.435330771280855	0.3797218626756638
0.16	2.086439940127481	0.2544702717769669
0.16	1.223288217867265	0.4843612988007454
0.16	0.40660247368158114	0.4531213532728633
0.16	-0.587948228460204	0.28748223836355485
0.16	-0.7020300110231901	0.3615780822960291
0.16	-0.8350124270476227	0.4766893257616921
0.16	-1.2700541275080348	0.3375670813195731
0.16	-1.3018397639483896	0.43006086221015816
0.16	-1.5298320508887986	0.33526073407279927
0.16	-2.4341576513333845	0.5814457143063567
0.16	-2.666559378325829	0.3178503295202591
0.16	-2.6738812823840425	0.27330329750452087
0.16	-2.9896251117036012	0.5327072771202053
0.16	-3.077402449046804	0.4998581738218841
0.165	3.1365603293199573	0.5762206296239826
0.165	2.766717576244574	0.42209187777163054
0.165	2.31302840122358	0.38038918914240083
0.165	1.960202518262682	0.2557316153654962
0.165	1.1185880933622667	0.5002293469525811
0.165	0.31009178796643	0.4489086034846071
0.165	-0.6163769712508333	0.30288925508790243
0.165	-0.7258020935527607	0.36550300442926
0.165	-0.8665179495283272	0.47911931646539363
0.165	-1.3166620735572185	0.35618496059211263
0.165	-1.3501569873921944	0.43696715504169664
0.165	-1.5831929667452185	0.3382986334627993
0.165	-2.5067072205671073	0.5880116179909616
0.165	-2.7495806155475373	0.3683567057683336
0.165	-2.756383683355235	0.36800074901789803
0.165	-3.0644305136491328	0.5594203816690986
0.17	3.064504007333262	0.6007911809180865
0.17	2.670818585347225	0.4134367378468221
0.17	2.193619899376104	0.3830816739699002
0.17	1.8379188599153935	0.25736433821275617
0.17	1.0186480651803542	0.5148296986112131
0.17	0.21410670872406198	0.4435094824916268
0.17	-0.6428668279472661	0.32110326681998885
0.17	-0.747650254100608	0.37293306981903446
0.17	-0.8962217749889512	0.4826984228449399
0.17	-1.3609440656464074	0.37519023498867565
0.17	-1.396341650414396	0.44357959242332334
0.17	-1.6344165226478233	0.3416817272843532
0.17	-2.575047298940113	0.5942351172039515
0.17	-2.827931727168498	0.344353316345143
0.17	-2.837228005774048	0.40115657113330205
0.17	-3.1289542440155915	0.5421044493358659
0.175	3.0979658374938883	0.5149386258432943
0.175	2.9904455137841617	0.5755533799102268
0.175	2.5775693337044907	0.4069748181689468
0.175	2.077042187158648	0.38767723952651806
0.175	1.7194311846593968	0.25939065697112385
0.175	0.9235444343425059	0.5274835022024974
0.175	0.11855245899877	0.43720384896928227
0.175	-0.6675963877217064	0.34224125251307314
0.175	-0.7680450863499376	0.38466436139641563
0.175	-0.9244756034676319	0.487629170006235
0.175	-1.4031395775403799	0.39370463230647923
0.175	-1.4406630283714466	0.44915133111196337
0.175	-1.6837809973457936	0.3454199009671968
0.175	-2.6392892307849727	0.5998850014368132
0.175	-2.902706400552741	0.3265947789688804
0.175	-2.915531688360085	0.408628177767774
0.18	3.04686558476941	0.5036008889149655
0.18	2.916269695140947	0.539317706234767
0.18	2.4868890587247976	0.4023566058213016
0.18	1.9632220493490893	0.3941008280684906
0.18	1.6045612895847943	0.26186165097746783
0.18	0.8332287124846246	0.5376466652311958
0.18	0.023440842552566576	0.430564878223632
0.18	-0.6907139042226866	0.36583195498672505
0.18	-0.7875363255306691	0.4014352045401751
0.18	-0.9516689636269781	0.49413816008092143
0.18	-1.4434991318291237	0.4109311872026836
0.18	-1.4834096097872718	0.4531467621389188
0.18	-1.7315807297068309	0.34952091917882266
0.18	-2.699584029061753	0.6046811731277857
0.18	-2.9745455761497532	0.3237663304292753
0.18	-2.9908030694318497	0.42117554993886064
0.185	2.9984774145387703	0.5093832408998074
0.185	2.8431878905047543	0.5088300903303165
0.185	2.39865965470591	0.39926227792290403
0.185	1.8520904519483765	0.40230878265937464
0.185	1.493119874645224	0.26485712503814957
0.185	0.7475363143563768	0.5449685119461352
0.185	-0.0710829543135759	0.42447696422187053
0.185	-0.712320679816318	0.39036947367603325
0.185	-0.8067530763856386	0.42351846728741144
0.185	-0.9782282860443012	0.502474278359887
0.185	-1.482275710870097	0.4262051625878991
0.185	-1.5248773721688047	0.45525681759593306
0.185	-1.7781159763189165	0.35398987539376703
0.185	-2.756120855312452	0.6083122976284745
0.185	-3.043755722317886	0.3303835403144109
0.185	-3.062779656892834	0.4412405945522826
0.19	2.95099949233063	0.5274173305854784
0.19	2.7717186251356485	0.48596998950325626
0.19	2.3127416490296704	0.39741888284780386
0.19	1.743592830237084	0.41227193187158273
0.19	1.3849126271718484	0.26848526931708155
0.19	0.6661994369185418	0.5493121097591203
0.19	-0.16471971324378684	0.4201356336478571
0.19	-0.7324725317503137	0.41306340772256633
0.19	-0.826393531398503	0.4500580805275485
0.19	-1.0046230022705207	0.5128943916268516
0.19	-1.5197197345926408	0.4390435842992865
0.19	-1.5653610642655984	0.4554081775871881
0.19	-1.823686048857626	0.3588286140926641
0.19	-2.8091292566964015	0.6104698760232323
0.19	-3.110519381596028	0.345006416809184
0.19	-3.1311905699095846	0.4670096806253902
0.195	3.1082617463523294	0.3701513838242899
0.195	3.0874389046595234	0.49445908380840536
0.195	2.9029921403748773	0.5524925910716872
0.195	2.702004904197946	0.4691120256239137
0.195	2.228984908847322	0.3966015994263494
0.195	1.637696026836428	0.42395733523534446
0.195	1.2797438703343271	0.27288092784465934
0.195	0.5888631407416782	0.5507365557328616
0.195	-0.2569987152502659	0.4190317702608851
0.195	-0.7512102601986188	0.43036200909873046
0.195	-0.8471913158850021	0.4787104107541561
0.195	-1.0313794459490027	0.5256216705286376
0.195	-1.556076738938085	0.44918107667854534
0.195	-1.605148037960956	0.4537546266381183
0.195	-1.8685850700505962	0.3640351396656455
0.195	-2.858883773272641	0.610896440612667
0.2	3.046299414437066	0.413522467511848
0.2	3.0268633778210106	0.515411353834711
0.2	2.8532974256396892	0.5788288793787013
0.2	2.6340063553040527	0.4565267698166831
0.2	2.1472352618990076	0.39662812722309754
0.2	1.5343923633304846	0.43730854817544984
0.2	1.177418585331144	0.2782008795889231
0.2	0.5151025220287663	0.5494524582280768
0.2	-0.347261141896879	0.42289694467258715
0.2	-0.7686174486388208	0.4394862315712838
0.2	-0.8698564828749207	0.5061943770325159
0.2	-1.0591034134622994	0.5407488778699574
0.2	-1.591586925803864	0.4565796245010041
0.2	-1.6445142359903013	0.450643675862899
0.2	-1.913099735466709	0.36960301830300607
0.2	-2.905709213488605	0.6094391488555626
0.205	2.987283222390574	0.48595011247076536
0.205	2.9697670474221534	0.5116954844346469
0.205	2.8011532615380914	0.6002841146718785
0.205	2.5675905092663003	0.446948063492233
0.205	2.0673380777626504	0.39735107470779146
0.205	1.4337010729694128	0.4522248118387548
0.205	1.0777435727521767	0.2846141932640939
0.205	0.44443867554747063	0.5457662812500941
0.205	-0.4346472580045335	0.4335289926506836
0.205	-0.784878355107519	0.4399690066305586
0.205	-0.8950108992251186	0.5293134193485562
0.205	-1.0885111036839155	0.5580425534577408
0.205	-1.6264858948358205	0.4614071551427773
0.205	-1.6837220013616383	0.4465610477128923
0.205	-1.957508563493036	0.37552076743169754
0.205	-2.9499848239961746	0.6060950135539496
0.21	2.932500023361317	0.5660260516959943
0.21	2.9144649208426103	0.45444156238944045
0.21	2.746336818030319	0.6126832718497478
0.21	2.5025750904462845	0.43952449024011
0.21	1.989139617555992	0.3986506683165006
0.21	1.3356670544693754	0.46854064517122107
0.21	0.9805284367117372	0.2922857100262307
0.21	0.3763518054849073	0.5400273918613487
0.21	-0.518103058159435	0.45233907567062337
0.21	-0.8003000522063987	0.43369237540532496
0.21	-0.9231396067031854	0.5452378328704093
0.21	-1.1204632834313593	0.57660330148374
0.21	-1.6610060646275597	0.46399005988604664
0.21	-1.7230194064502993	0.4420636462267381
0.21	-2.002082221309531	0.38177121663651553
0.21	-2.9921458743755784	0.6010338433853153
0.215	2.8829295185887034	0.6002935600685255
0.215	2.859174792244748	0.37688491375698707
0.215	2.6891297858698144	0.6158965439762176
0.215	2.4387479711263276	0.43369617492612555
0.215	1.9124867339364127	0.4004285024362239
0.215	1.240356677886779	0.48600876096666074
0.215	0.8855869318949487	0.30135142156060685
0.215	0.3102909260345151	0.5325864318350908
0.215	-0.5964421983985683	0.47944506602697434
0.215	-0.8152943484206241	0.4234997680421897
0.215	-0.9545431393409384	0.5508152775269836
0.215	-1.1559841342965105	0.594422131815867
0.215	-1.6953784963651124	0.46475224327462716
0.215	-1.7626408192644372	0.4377141491449358
0.215	-2.047084611011216	0.3883308246727119
0.215	-3.032681825364588	0.5945911464960318
0.22	2.837556690176227	0.6081261141031719
0.22	2.8039051846938903	0.33450934123817894
0.22	2.6300848591092154	0.6128677985857307
0.22	2.3758767538262897	0.4290968414615488
0.22	1.8372253187799665	0.40260241791903156
0.22	1.1478502441856897	0.5042906488251638
0.22	0.7927389539644664	0.31188628202551255
0.22	0.24568067898069665	0.5237680404756907
0.22	-0.6685079397644708	0.5123230181331859
0.22	-0.8303557591390514	0.41188813126220725
0.22	-0.9892532104169739	0.5426117330941627
0.22	-1.1962205879207122	0.6081715045187006
0.22	-1.7298350065941004	0.46415483660277546
0.22	-1.8028084609166568	0.43402728775905675
0.22	-2.092774479114287	0.3951689609586073
0.22	-3.072131046325673	0.5872333924649672
0.225	2.794855439782985	0.611765914324006
0.225	2.749190961274843	0.3183736666921509
0.225	2.5697738178658955	0.6070575942144125
0.225	2.31371340460062	0.4254871058670131
0.225	1.763197752319701	0.4051024298803829
0.225	1.0582307444149166	0.5229598076552604
0.225	0.7018130117334034	0.3238678061556688
0.225	0.18192662627738546	0.5138569002730786
0.225	-0.7334161052098319	0.544258288625359
0.225	-0.8460943860520709	0.40084331871365597
0.225	-1.0269389497223411	0.5194206322467129
0.225	-1.2422753875087336	0.6140073972956165
0.225	-1.7646105790904096	0.46264709416615135
0.225	-1.8437347830420547	0.4314321166417018
0.225	-2.139407374386868	0.4022472197518152
0.225	-3.1110726801673	0.5795070160841012
0.23	3.1330688347857665	0.5719860536846155
0.23	2.7537515003543422	0.6149873406229132
0.23	2.695236142741486	0.3136050225288412
0.23	2.50864835698632	0.6009328452005813
0.23	2.2519964756051274	0.4227101411165184
0.23	1.6902394980898434	0.4078675997308469
0.23	0.9715688465922877	0.5415215024879995
0.23	0.6126483647861444	0.3371420247842501
0.23	0.11842086598540405	0.5030942072051315
0.23	-0.7906328548432144	0.5628563800759825
0.23	-0.8634516708372962	0.39353258865580987
0.23	-1.0669470569682082	0.48567968383981036
0.23	-1.2948896615884857	0.6097866391478441
0.23	-1.7999461639495373	0.4606332820343795
0.23	-1.8856256116014634	0.4302493668498674
0.23	-2.187237828238697	0.409518938118546
0.235	3.093294171467153	0.5652305637151107
0.235	2.7135081498694715	0.6178621753793772
0.235	2.64202908008656	0.3136200266124594
0.235	2.4470046899624314	0.5958008422451477
0.235	2.190452085813012	0.42066173216907654
0.235	1.6181749028864658	0.41084373268964886
0.235	0.8879045678077012	0.559449469453981
0.235	0.5250952208113255	0.35140079709296385
0.235	0.054549945137621327	0.49168186327021984
0.235	-0.8391749553715944	0.5553346204838759
0.235	-0.88457067707332	0.40199975564639534
0.235	-1.1085814818653137	0.4510191240530261
0.235	-1.3541112778086708	0.5969678672598339
0.235	-1.836092003950386	0.45845546482811483
0.235	-1.928684155526981	0.430680137072051
0.235	-2.2365216803256622	0.4169292273397217
0.24	3.052154046835807	0.5597614784560497
0.24	2.6735651609173	0.620091108712479
0.24	2.5894556868099206	0.31587352864673757
0.24	2.384995499860368	0.5921624661562584
0.24	2.128794087801452	0.41926963424472585
0.24	1.546812193419542	0.41398176003687903
0.24	0.8072267738489679	0.5762347905192358
0.24	0.43901073101755794	0.3661798939257137
0.24	-0.010293271091509106	0.47979367294747144
0.24	-0.8760408185122234	0.550747566009914
0.24	-0.9141188818676599	0.47804959283911636
0.24	-1.1514556326901977	0.42486224590207694
0.24	-1.4192109357362355	0.5795915665473671
0.24	-1.8733116745926108	0.4563893642999014
0.24	-1.973116146956611	0.43280188016927995
0.24	-2.2875185352556944	0.4244159654833034
0.245	3.0090231645574606	0.5560504537458916
0.245	2.6334387350885393	0.6214106511614631
0.245	2.537340095540217	0.3193625511748604
0.245	2.3226514278039936	0.5900653679154351
0.245	2.0667233789949786	0.4184794701645259
0.245	1.4759376050035098	0.41723666657663483
0.245	0.7294522804850156	0.5914373153102149
0.245	0.35424846393459825	0.38088502327293366
0.245	-0.07669303925342488	0.4675958887333613
0.245	-0.9028947609563103	0.5176775181309341
0.245	-0.9522345677068521	0.5677691496728533
0.245	-1.1956317010295785	0.41145552037573174
0.245	-1.488938887075416	0.5615316594069906
0.245	-1.9118870795437837	0.45464984089693566
0.245	-2.0191365358400204	0.4365690716286041
0.245	-2.3404944343556187	0.4319122565697905
0.25	2.9633038991583436	0.5545172897467718
0.25	2.592653341241501	0.6215859843146233
0.25	2.485455017936041	0.3236768755687749
0.25	2.259897683269056	0.5893332780580428
0.25	2.003925989387009	0.418245854543258
0.25	1.4053085293238792	0.4205668555834005
0.25	0.6544066489919936	0.604728204134783
0.25	0.27064007397422757	0.3948480196244626
0.25	-0.14519046165305258	0.4552807943268855
0.25	-0.9271445399762998	0.4873268265394007
0.25	-0.9931955919078075	0.5991754121952324
0.25	-1.2415133632554625	0.40946275923041187
0.25	-1.5619178587619125	0.5451693408016454
0.25	-1.9521247094518537	0.4534032811121096
0.25	-2.0669782568543127	0.4418179728343462
0.25	-2.3957249743974987	0.4393507228777333
0.255	2.9144492015441417	0.5555221491507362
0.255	2.550688250367298	0.620335860602512
0.255	2.4335199954406237	0.3286424295415231
0.255	2.19656307899407	0.589695183786976
0.255	1.9400693705275394	0.41852810063485507
0.255	1.3346455268848922	0.4239338834538577
0.255	0.5818085802992687	0.6159147224413132
0.255	0.18797015066017778	0.4074078714780468
0.255	-0.2162628689288742	0.44311147216923524
0.255	-0.9523060111838815	0.4709884498838941
0.255	-1.0349775571854627	0.6072369971887597
0.255	-1.2896673891160388	0.4149433300106501
0.255	-1.636936019211627	0.5315417119771404
0.255	-1.9943635329980465	0.45278537554866993
0.255	-2.116903547948446	0.4482764680196726
0.255	-2.453499298827436	0.44666955493360805
0.26	2.8619911040848662	0.559333412619637
0.26	2.5069294495413557	0.6172392893435965
0.26	2.3811937226924127	0.3341799209002214
0.26	2.132382577328166	0.5908557593640046
0.26	1.8747962380236185	0.4192899095784502
0.26	1.263623018471741	0.42730250988213264
0.26	0.511259099269831	0.62494406298761
0.26	0.10594806147279691	0.41800187719805626
0.26	-0.29030859929957	0.43146249839753154
0.26	-0.9796583493695745	0.46291097208947246
0.26	-1.0776325786585998	0.6073982960817976
0.26	-1.340700501134418	0.4242934560651793
0.26	-1.7130788897062081	0.5208056979582052
0.26	-2.0389848985313566	0.4529235738486753
0.26	-2.1692180416235556	0.45558031603607685
0.26	-2.5141255850027355	0.4538195086377584
0.265	2.8055748627716945	0.5660436020374247
0.265	2.460621654251361	0.6116346398963901
0.265	2.328062336910643	0.34024750033008144
0.265	2.0669949414649564	0.5925338721578496
0.265	1.8077153991014427	0.4205021128892734
0.265	1.1918584594053512	0.4306409959828303
0.265	0.4422356650200693	0.6318887531973227
0.265	0.02418245555007593	0.42624439238479817
0.265	-0.3676438467209665	0.42083142893071235
0.265	-1.0099208493386704	0.45945222063812285
0.265	-1.1216856282124288	0.604801138602935
0.265	-1.395208463437902	0.43522142425483445
0.265	-1.789755022282886	0.5126367017930699
0.265	-2.086424689612017	0.45396284218453564
0.265	-2.224287318897556	0.46329619241341075
0.265	-2.577938762330806	0.4607702499169209
0.27	2.7449961018897886	0.5753996842942048
0.27	2.4108193582918234	0.6025375954349723
0.27	2.2736237828019092	0.3468217945461176
0.27	1.9999366127721345	0.5944822666672427
0.27	1.738389224390343	0.42214716486768955
0.27	1.1188998343180456	0.43392156421214967
0.27	0.3740902581888943	0.636919736005013
0.27	-0.05783655348182152	0.43197054089474685
0.27	-0.448516460474746	0.4118048086689758
0.27	-1.0436865109725264	0.45873447347263907
0.27	-1.1677760627321834	0.601427555865979
0.27	-1.4537712952237438	0.44646158267969777
0.27	-1.8666788998963109	0.5065139696566949
0.27	-2.137187555907148	0.4560898547329221
0.27	-2.2825548660551713	0.4709503763271515
0.27	-2.6453110989214985	0.4675140709529429
0.275	2.6802322027817467	0.5865306830477768
0.275	2.356343602782269	0.58866769592238
0.275	2.2172671298060154	0.35390241035538794
0.275	1.9306323799337952	0.5964941482522942
0.275	1.6663177817472206	0.4242239573541473
0.275	1.0442114353124772	0.43712092839883077
0.275	0.3060497272764154	0.6402740107642169
0.275	-0.14074575550386043	0.4352335393552946
0.275	-0.5331371710440467	0.4049879624618673
0.275	-1.0815520800776475	0.45971515669763796
0.275	-1.2165936033652167	0.598110591719641
0.275	-1.5169700686488123	0.4573586286011725
0.275	-1.943847527313328	0.5019017895075817
0.275	-2.1918621976248716	0.4595435448558857
0.275	-2.344559627892441	0.4780612603033062
0.275	-2.716665882571808	0.47406548642140955
0.28	2.6114472889157536	0.5976454024258842
0.28	2.295766120706594	0.5687934229447746
0.28	2.158243940460349	0.36153789346200615
0.28	1.8583831351382343	0.5983995605252769
0.28	1.5909201518107332	0.4267517849554118
0.28	0.967158192763304	0.4402208089058821
0.28	0.2372165242352331	0.6422226937831662
0.28	-0.22530992758111723	0.4362619004524937
0.28	-0.621723634683309	0.4009289327200873
0.28	-1.124174313226261	0.46175030632391945
0.28	-1.2688789820317354	0.5951908827843073
0.28	-1.5854110363172897	0.46760622313299405
0.28	-2.0215261189949345	0.4983566589165529
0.28	-2.2511354781935666	0.4645916603765584
0.28	-2.410950948480623	0.4841748174761794
0.28	-2.79249365635666	0.48045657820928395
0.285	2.5389341856313354	0.605986327337557
0.285	2.227465396954886	0.5427109367262694
0.285	2.095624705085387	0.3698763664584031
0.285	1.782351255259266	0.6000535971814559
0.285	1.5115141900924265	0.4297728388093211
0.285	0.8869894753635406	0.44320835892069277
0.285	0.16656864593960982	0.6430435803277381
0.285	-0.3124197878080569	0.4353957959199214
0.285	-0.714549313316467	0.4000665291146674
0.285	-1.1723046628497236	0.46439878673617385
0.285	-1.3254389649873415	0.5927751899642356
0.285	-1.6597497739223877	0.47710210868426883
0.285	-2.1002474705551295	0.49558918451078293
0.285	-2.3158021218454965	0.4714543728679812
0.285	-2.4824988473122866	0.4889034544771059
0.285	-2.8733693641305753	0.48672956692606706
0.29	2.4629538420600543	0.6085190879425892
0.29	2.149818551198531	0.5130142400726214
0.29	2.028222016947283	0.3792259348835224
0.29	1.7015451544614006	0.6013178661254512
0.29	1.4272972417974006	0.43335323530731645
0.29	0.8028245375584467	0.44607643866106633
0.29	0.09295930120928414	0.6430004043323089
0.29	-0.40308963437161016	0.4330235181548218
0.29	-0.8119883079518418	0.40271414916816617
0.29	-1.2268149121673748	0.46732812961688286
0.29	-1.3871624584213018	0.590854641539584
0.29	-1.7407108656232837	0.48586832858443585
0.29	-2.1808226086252254	0.49349563712815714
0.29	-2.386766897348795	0.4801835935281234
0.29	-2.56009799302713	0.49196731533687543
0.29	-2.9599672648835846	0.49292900202311685
0.295	2.3834787511353603	0.6034556268780684
0.295	2.061589335561711	0.4873093149762455
0.295	1.954428234247903	0.3899352575031366
0.295	1.614806700108006	0.6020354814503405
0.295	1.3373324967404523	0.43758307936234697
0.295	0.7136440960875113	0.4488236859197212
0.295	0.015119775730582067	0.6423293181009622
0.295	-0.4984532066405827	0.4295317050084436
0.295	-0.9145474605794605	0.4090710040887194
0.295	-1.2887139935799512	0.4702641756019784
0.295	-1.455030993165809	0.589364526242024
0.295	-1.8290984481993633	0.4940075260891865
0.295	-2.264352413849482	0.4921581989425205
0.295	-2.4650376800138893	0.49055860133028545
0.295	-2.6447633238093617	0.49323180453019155
0.295	-3.0530682948761467	0.49909563746061725
0.3	3.129634218135485	0.5052627865645443
0.3	2.2999462263661647	0.5915422786107274
0.3	1.9625806467832865	0.4793856304653105
0.3	1.871821208103692	0.4008546595515321
0.3	1.5208089985157989	0.6019981931222091
0.3	1.2405493978652533	0.4425762957229438
0.3	0.6182964377397346	0.4514543474338658
0.3	-0.06832646225689235	0.6412318594837806
0.3	-0.5997501106274475	0.42527368865198556
0.3	-1.0228760736134364	0.4192413495264279
0.3	-1.359149039152426	0.47296006423188236
0.3	-1.5301150235574712	0.5882151137911688
0.3	-1.9257901279829144	0.5016797198410778
0.3	-2.3522213745218563	0.4918054492507413
0.3	-2.551707939488147	0.5020848426594129
0.3	-2.73761240420223	0.49272960789043213
0.305	3.020832847760241	0.5114545881571063
0.305	2.2111818096557663	0.5756809328216853
0.305	1.8546650010419206	0.49766191837069895
0.305	1.7763114122776735	0.4024586355801234
0.305	1.4180781114714682	0.6009027091408596
0.305	1.135772315100493	0.44847087652053186
0.305	0.5155325072806705	0.45397785779179034
0.305	-0.15882381544605234	0.6398729524723116
0.305	-0.7082875941828302	0.42055391932662595
0.305	-1.1377399432069706	0.4332395284190589
0.305	-1.4393760701094291	0.47517356691595497
0.305	-1.6135418005619522	0.5873054403144952
0.305	-2.031701431277987	0.509090395453154
0.305	-2.4460492022075315	0.4927325157236049
0.305	-2.647921043062853	0.5141237905502314
0.305	-2.839823078186555	0.49065632796910497
0.31	2.902809352654071	0.5176849298469401
0.31	2.115564777835889	0.5591774772694111
0.31	1.7420014592847863	0.5133444824648338
0.31	1.6620208937936716	0.38005723614508097
0.31	1.3050605611773993	0.5982937297040283
0.31	1.021799217269052	0.4554296710594683
0.31	0.40409226467166975	0.4564081805612224
0.31	-0.2577960114996237	0.638382278994737
0.31	-0.8253540527730929	0.41562385690530834
0.31	-1.2599404056759056	0.4509596460197769
0.31	-1.5306764455291866	0.47664800006654245
0.31	-1.7064127354939231	0.5865260674516652
0.31	-2.147700667815122	0.5164841939345551
0.31	-2.547575235954631	0.49519688203075063
0.31	-2.7547950122856237	0.5260753012687708
0.31	-2.952545342426734	0.4873380571885595
0.315	2.7748640603283286	0.5239560225201991
0.315	2.011373353678785	0.5443120254298895
0.315	1.6264039869283098	0.4996420604473574
0.315	1.5260806763669168	0.3591851820614371
0.315	1.1802668936786513	0.5934991235799837
0.315	0.8975581468538136	0.4636404737008208
0.315	0.2828711286134068	0.45876295825902347
0.315	-0.3664795260177541	0.636857521917868
0.315	-0.9520541789619309	0.41068479699814175
0.315	-1.3901543123955746	0.472094997951742
0.315	-1.6341868582823356	0.47709757071110837
0.315	-1.809641597927539	0.5857552721302024
0.315	-2.2744481264332235	0.524140654852265
0.315	-2.6584516705457477	0.49931453172958207
0.315	-2.873273038652495	0.5374995150151951
0.315	-3.076737770617104	0.4831808929041088
0.32	3.070283828407875	0.47861834306115547
0.32	2.636773582986151	0.5302566368746123
0.32	1.8972186771631114	0.5320542395057691
0.32	1.5049090987415739	0.4810786972423181
0.32	1.371462419280534	0.36100199359393137
0.32	1.0425231594071347	0.5855912937420008
0.32	0.762364615013382	0.47331076910529934
0.32	0.1511913631848994	0.4610625516537523
0.32	-0.4856534791648797	0.6353683307690645
0.32	-1.0890399325025608	0.4058943021518501
0.32	-1.528676315248503	0.4960156183846458
0.32	-1.7506128739874707	0.4762086726709225
0.32	-1.9236888298802672	0.5848533055567431
0.32	-2.412138007731666	0.532368706248266
0.32	-2.7799271491956836	0.5049743049749438
0.32	-3.0038673415775006	0.5481334472057553
0.325	3.136886234699027	0.5578361129996776
0.325	2.9224691615671126	0.4740700461734812
0.325	2.489155238961327	0.5365614752560653
0.325	1.7725153422791016	0.5224794448808183
0.325	1.3749140017510175	0.46968551727403973
0.325	1.202491430407486	0.3810074760162037
0.325	0.8913433910058971	0.5734797486834987
0.325	0.616270084949602	0.48464405715833925
0.325	0.009171534814779517	0.46332908479155877
0.325	-0.6152722805929479	0.6339602520861622
0.325	-1.2361435408908799	0.4013742980570614
0.325	-1.675075907122396	0.5216654488432382
0.325	-1.879828156160702	0.4736861821316808
0.325	-2.048198975874713	0.583660054470129
0.325	-2.5601532754125422	0.5414905931705313
0.325	-2.9124298392630914	0.5117765648964455
0.33	2.9840683707735582	0.5665173758480189
0.33	2.764526250791578	0.46991795681623866
0.33	2.333837317212517	0.5428346256531877
0.33	1.6379195740837076	0.5152665658945338
0.33	1.2362548067624652	0.46400568244481044
0.33	1.023458873832646	0.4128412191512762
0.33	0.7273823955918715	0.5563479302316353
0.33	0.46041378915378517	0.4977640987204802
0.33	-0.14188875922732133	0.46558565488689
0.33	-0.7540832827759341	0.632658205445358
0.33	-1.3919948713038175	0.3972200796908062
0.33	-1.827850948248004	0.5476010103815168
0.33	-2.020443869497873	0.469380889100498
0.33	-2.181624114974947	0.582001849427709
0.33	-2.716718082768781	0.551789579552235
0.33	-3.055131156053677	0.5190029489194723
0.335	3.0775100874901122	0.5256434022933745
0.335	2.8237036882372695	0.5740855523968209
0.335	2.599393846813755	0.46649937022630195
0.335	2.1740467156892254	0.5490407279778422
0.335	1.495578172767098	0.5100260140240662
0.335	1.0908683553081975	0.46157584505590205
0.335	0.8392423381438311	0.45051567110254936
0.335	0.5528428234633093	0.5346273589951192
0.335	0.2971846840555766	0.5125065057219729
0.335	-0.29929433033127	0.4678559231520521
0.335	-0.8994143884226767	0.6314693401934934
0.335	-1.5538082453778543	0.3935103829879782
0.335	-1.9842482720945562	0.5722660773194033
0.335	-2.169548926556425	0.4634872249002423
0.335	-2.3210187133029967	0.5797127587615551
0.335	-2.8787307954182846	0.5633921582326812
0.34	2.922880479170687	0.5305238410271451
0.34	2.6598435790305155	0.580424851174542
0.34	2.4312494062091363	0.4641125334720682
0.34	2.0141885357805425	0.5551660020223463
0.34	1.3489834014334134	0.5064600442380989
0.34	0.9422009826478555	0.46087406496353767
0.34	0.6552904458910419	0.4880281222050531
0.34	0.37163660154484346	0.5111395588893459
0.34	0.12995963114247325	0.5279097443308607
0.34	-0.45913437931953394	0.470164392704437
0.34	-1.0473554964719423	0.6303852752456843
0.34	-1.717562687466546	0.3903193680687192
0.34	-2.140449907908577	0.5944085939995665
0.34	-2.322871303172577	0.45669640095107716
0.34	-2.462230050076445	0.5766745576499746
0.34	-3.04199232269497	0.5761246348884365
0.345	3.0812915245435	0.5894715468134214
0.345	2.7687067490798265	0.5325476120970324
0.345	2.497103225552824	0.5854009899177831
0.345	2.264860853419055	0.46302980563696894
0.345	1.859140141593838	0.561246306642277
0.345	1.2023590055011084	0.5044179159805731
0.345	0.7943842365363428	0.46105810686382404
0.345	0.476886638139084	0.5206032553870975
0.345	0.18911771610824404	0.4909709495423179
0.345	-0.037663555321778106	0.5411771256324418
0.345	-0.6169376059260321	0.4725378251929631
0.345	-1.193413824609651	0.6293838219689475
0.345	-1.878655698517806	0.3877318956512974
0.345	-2.2921887839483057	0.6133602706045096
0.345	-2.475457146887146	0.4501641177964194
0.345	-2.6005643301913874	0.5728792035128344
0.35	2.9288550792648107	0.6026902147055899
0.35	2.619408090850063	0.5309779667926249
0.35	2.3397583281072936	0.5888888210662063
0.35	2.104684964053503	0.46351370930902497
0.35	1.7132848405445764	0.5673913239820707
0.35	1.0597880573694058	0.5038859991766823
0.35	0.6512604168984856	0.46166470121368697
0.35	0.3082323749236909	0.5461266597931969
0.35	0.01136471511590407	0.4787357610888884
0.35	-0.20287235347396332	0.5463326074046928
0.35	-0.7685858348507298	0.47500847172071564
0.35	-1.3334257834948728	0.6284303382062832
0.35	-2.0328132205670144	0.38586384342243585
0.35	-2.435588655129412	0.6289910620290782
0.35	-2.62263805356405	0.4453288546353479
0.35	-2.7317112688412712	0.5685228588360312
0.355	2.7867609677250655	0.6149935123332781
0.355	2.4784908901089535	0.52562941758786
0.355	2.1909979628871623	0.5908132011101573
0.355	1.954123480340135	0.4658308759890687
0.355	1.5797074874868484	0.573786140152863
0.355	0.924479612789288	0.5049276099000519
0.355	0.5156091024389281	0.46244163735935273
0.355	0.15189207340094252	0.564961479030579
0.355	-0.15582948716543712	0.4744825687982674
0.355	-0.3642908954214903	0.5348842764883008
0.355	-0.9110764270447419	0.477620088780522
0.355	-1.4643146363857937	0.627478878650046
0.355	-2.176844948786139	0.38488909996356074
0.355	-2.567848963227456	0.6414314575684732
0.355	-2.7608425028517707	0.44384796962578477
0.355	-2.8525174031810074	0.5641643915431538
0.36	2.6564071647029777	0.6257007306344543
0.36	2.348176123529517	0.5168841050863892
0.36	2.052625881790604	0.5911907107538572
0.36	1.8152292739354834	0.47025597970632965
0.36	1.4598546155714593	0.5806480739563491
0.36	0.7984525966634439	0.5075856504151217
0.36	0.3888458461961852	0.4632634269710314
0.36	0.008775468825157633	0.578562682231058
0.36	-0.30811094869908967	0.47279624583607
0.36	-0.5216999800204549	0.5025185133896202
0.36	-1.0428429689010272	0.4804379000454328
0.36	-1.5844018301414722	0.6264733101058282
0.36	-2.3089527325827044	0.3850731479439315
0.36	-2.6875067536236834	0.6507783415065879
0.36	-2.8879289311134144	0.4480333717132426
0.36	-2.9613210216011145	0.5610633038974195
0.365	2.5379048452941557	0.6343207822255157
0.365	2.22945613495409	0.5055582668436426
0.365	1.9252016479752752	0.590156401391162
0.365	1.6888532670660952	0.4770504493046281
0.365	1.3536552342860402	0.5881185987164921
0.365	0.6826226651586104	0.5117779775373049
0.365	0.27117679735811223	0.46409144268166574
0.365	-0.12151212575826312	0.5883379990342039
0.365	-0.4435419157922346	0.4687981659148478
0.365	-0.674987774256954	0.45690229188472775
0.365	-1.1636452024805297	0.4835630008862691
0.365	-1.6932804156326247	0.6253485617055392
0.365	-2.428600265908663	0.38680682579597714
0.365	-2.7942885796463632	0.6569074189072648
0.365	-3.0030214949626655	0.4623482961022991
0.365	-3.0578786684688835	0.5620730184889925
0.37	3.1399923960334752	0.5738366186290385
0.37	2.4304914756630196	0.6405763341818564
0.37	2.122392255118216	0.49270538810601316
0.37	1.8084142725273318	0.5879602487550002
0.37	1.5750210393771311	0.4863891514158123
0.37	1.2598940284770044	0.5960789873444597
0.37	0.5770914775139645	0.5172294823995156
0.37	0.1619966510705221	0.46495575151389923
0.37	-0.24020539846658331	0.5952278725350663
0.37	-0.5626347711410356	0.4633932523382683
0.37	-0.8234554247982583	0.41277670392436916
0.37	-1.2742390287726728	0.48714761328478773
0.37	-1.7914574760671735	0.6240321919900187
0.37	-2.5361506768829107	0.3906187367008153
0.37	-2.888751436288145	0.6594013081168992
0.37	-3.1059592929359914	0.4969794534122346
0.375	3.0871455165002204	0.5595354487000133
0.375	3.0632012699973004	0.5972415052619122
0.375	2.332949422161256	0.6443888086032246
0.375	2.026455484627345	0.47942937003695757
0.375	1.7014806468081514	0.5849248997095944
0.375	1.4733198220915182	0.4982021112640206
0.375	1.1766293240924868	0.603912377068368
0.375	0.48144768744016186	0.5234765265218183
0.375	0.06031379445671263	0.4659404318248277
0.375	-0.34897025690818595	0.5997023117945163
0.375	-0.6673422125956795	0.45963937484866446
0.375	-0.9660208622387109	0.3809783611971012
0.375	-1.3760395995137678	0.49139264396914445
0.375	-1.8799732667416098	0.6224464831627108
0.375	-2.63247928479157	0.3971268175182083
0.375	-2.971911184179567	0.6575709625408317
0.38	3.0130214485300293	0.5491070873478993
0.38	2.989262254944262	0.5237483095814046
0.38	2.243921320777065	0.6458402790444226
0.38	1.9408014783045755	0.4667428882773428
0.38	1.603459861298647	0.5813664760199002
0.38	1.3831616085048988	0.5119299794709083
0.38	1.1015574904452323	0.6103378145391892
0.38	0.39499076591321663	0.5299466461941894
0.38	-0.03491960602908879	0.4671526539700872
0.38	-0.4496124726602593	0.6018738851619517
0.38	-0.7599874348788027	0.4588275175072953
0.38	-1.1015957164299035	0.366395219832091
0.38	-1.4708922470076302	0.4964664116211609
0.38	-1.9601074407962409	0.6205113097376448
0.38	-2.718671266169106	0.4069077228434285
0.38	-3.0449631924269407	0.6505708593829842
0.385	2.9531240086114043	0.5026218910911833
0.385	2.917191519560754	0.4344260373143628
0.385	2.1621051287776463	0.6451227312895635
0.385	1.864453331847192	0.4554819473401307
0.385	1.5134639418970977	0.5774840691678116
0.385	1.303865228484199	0.52629839217214
0.385	1.0323256816952735	0.6136053352977251
0.385	0.31687235539122277	0.5360780641748875
0.385	-0.12460796444998795	0.46865780527492507
0.385	-0.543896028893737	0.6016175286517742
0.385	-0.8427288411700561	0.4606718029361745
0.385	-1.2291181372415287	0.3713714483771592
0.385	-1.560967224387011	0.502198453456238
0.385	-2.033195950612006	0.618148015098143
0.385	-2.795826856131564	0.4203436118864543
0.385	-3.109116391260633	0.6376323910092634
0.39	3.11766450605543	0.6184267722845929
0.39	2.9015372253759013	0.48458599621311516
0.39	2.8502922521771272	0.41305826944064483
0.39	2.0863549663932504	0.6424814182953021
0.39	1.796406491333143	0.4462768753144403
0.39	1.4307905974263528	0.573210470891613
0.39	1.2345591367594475	0.5393490682271267
0.39	0.966824159754441	0.6123038515361819
0.39	0.24618254137110895	0.5414260331886007
0.39	-0.20943075249364096	0.4703837801970264
0.39	-0.6334364056735117	0.5986897138722319
0.39	-0.917425059399855	0.46444397046112196
0.39	-1.3473966794172136	0.3971153245068017
0.39	-1.6487070937665165	0.5073782680360004
0.39	-2.1005406175153043	0.6152841943405848
0.39	-2.864954524195213	0.4375380747639426
0.395	3.06792779301755	0.5934969102015029
0.395	2.855373734572648	0.478058305663557
0.395	2.7890702498398356	0.41187186187717717
0.395	2.0157221478449006	0.6381557393950563
0.395	1.7356797378506559	0.43957053591704465
0.395	1.3550137333885204	0.5679877221768714
0.395	1.173981766823539	0.5489693991395961
0.395	0.9034363350044791	0.606406439825904
0.395	0.18200653206488002	0.5457180578292371
0.395	-0.2898481003477228	0.4720521247905381
0.395	-0.7196328792364267	0.5928604697109128
0.395	-0.985660113501676	0.4695371857058993
0.395	-1.455099734017041	0.4410029614900695
0.395	-1.7366455603113924	0.5090721144650023
0.395	-2.163385605253309	0.611857608107686
0.395	-2.9269236941694188	0.4582905865400801
0.4	3.023824568393967	0.564587812072614
0.4	2.813045895046927	0.4751549605927592
0.4	2.733025150115531	0.41552305177653726
0.4	1.94946436697999	0.6323170330183348
0.4	1.6813322631575645	0.43566433007595345
0.4	1.2860535056048663	0.5604389376507316
0.4	1.1203259011793587	0.5536957108978734
0.4	0.8411556203995214	0.5975047112181878
0.4	0.12346479400364418	0.5488529844714973
0.4	-0.3661585117022499	0.4732275370980248
0.4	-0.8036126376774431	0.5840545345400425
0.4	-1.0488156185087405	0.47561535347289896
0.4	-1.5511652757345804	0.49300216753685083
0.4	-1.8268604563857471	0.5039825025978449
0.4	-2.2229429446995717	0.6078107725319798
0.4	-2.9824543347853854	0.48204855496454385
0.405	2.9843403974906075	0.5346456366423018
0.405	2.773428407601873	0.47252754664306673
0.405	2.6815069587823714	0.4206145929576412
0.405	1.8870417714203427	0.6249982746849185
0.405	1.6324601096544196	0.43476462941283367
0.405	1.2241987306870652	0.5481763628041217
0.405	1.0712643995903124	0.5529776088695688
0.405	0.7795119909971873	0.5878590206374634
0.405	0.06974054121941009	0.5508642158856512
0.405	-0.4385765420290718	0.4734799522986413
0.405	-0.8861678654439766	0.5724674338597934
0.405	-1.1081617541127469	0.4826357917705129
0.405	-1.635518127820239	0.539196659965039
0.405	-1.920149034368448	0.4929517417503977
0.405	-2.2804621582862894	0.6030437439639493
0.405	-3.0321296798683686	0.5078086468950527
0.41	2.9484695591547743	0.5073436832827175
0.41	2.735673913622149	0.4693214236953422
0.41	2.6338879464644225	0.426196822496552
0.41	1.8281109162701705	0.6160081524658896
0.41	1.5881799472048672	0.4369947494835954
0.41	1.1699534254947963	0.5288250768679363
0.41	1.0242496318628898	0.5471863940986297
0.41	0.7183761932024719	0.579244515646252
0.41	0.020095432178918154	0.55187263481082
0.41	-0.5073048375151719	0.4725348910999638
0.41	-0.967668066455279	0.5585999447777138
0.41	-1.1649761421191154	0.49086132785012637
0.41	-1.7093729807836264	0.5715303762996276
0.41	-2.015607859342257	0.4831268903121213
0.41	-2.3373517306420917	0.5972158093687022
0.41	-3.0764255594265792	0.5340223749863002
0.415	2.9152306965217565	0.4862185058200217
0.415	2.699143197284389	0.4658140406216106
0.415	2.589596070095338	0.43193976323068567
0.415	1.7725214708496708	0.6048276712379792
0.415	1.547605583436761	0.4423309094531502
0.415	1.1235481100489142	0.5032177403267315
0.415	0.9771380380945888	0.5383004653849683
0.415	0.6577671222106117	0.5725084893347326
0.415	-0.026125206326819337	0.5520462132860129
0.415	-0.5725840201778366	0.4703273399123443
0.415	-1.047920872866409	0.5431572807095477
0.415	-1.2207205249215591	0.5008044947161128
0.415	-1.7747187056965523	0.5907682252399239
0.415	-2.1109913753251712	0.48371628777121684
0.415	-2.395361298984455	0.5891020707574854
0.415	-3.115753357835426	0.5586219597835901
0.42	3.1326728579852943	0.5792903567633999
0.42	2.883705888517177	0.47375247555447697
0.42	2.6633539046932038	0.46274986239412186
0.42	2.548115834623078	0.43770868004667385
0.42	1.7203141795379369	0.5905169458576425
0.42	1.5098237000621624	0.45042915334124
0.42	1.0843394652224105	0.4769117542355362
0.42	0.928856297598645	0.52950291654378
0.42	0.5977310671234793	0.5677568513490159
0.42	-0.06949523584514285	0.5515722564015448
0.42	-0.6347144958067468	0.46696974001383146
0.42	-1.1259578281398677	0.5268191148708085
0.42	-1.277301211619793	0.5126727190424167
0.42	-1.833581391739904	0.6014117129013599
0.42	-2.203289198489719	0.5004863500892167
0.42	-2.4567749465924065	0.5751352896611821
0.425	3.1020425100059925	0.5939903678171621
0.425	2.853087153237621	0.47081425029436025
0.425	2.627935054464776	0.4609238626366161
0.425	2.508980601753879	0.4434424807919222
0.425	1.6717091546202316	0.5717383875228221
0.425	1.4738816220612745	0.4603659941388263
0.425	1.0507625519326684	0.45552183118633516
0.425	0.8794520078759922	0.5227697613397957
0.425	0.5382896889694077	0.564705135143278
0.425	-0.11051585483250487	0.5506412018358299
0.425	-0.6940539383101931	0.4626814259419235
0.425	-1.1998698860192671	0.5102566939157116
0.425	-1.3372854704182002	0.5243840654327292
0.425	-1.8876505053154369	0.6074477173969485
0.425	-2.289209997888476	0.5311566921886176
0.425	-2.5243374750407845	0.5484977923600253
0.43	3.075021720269657	0.601550834563986
0.43	2.8227086340143566	0.47632020285209736
0.43	2.592589505571341	0.46093000634127373
0.43	2.4717630689687966	0.44911321036703544
0.43	1.6270603612918093	0.5471204241185674
0.43	1.4388112341099077	0.47047178017058755
0.43	1.0208876432069145	0.44061932378581437
0.43	0.8295075839300435	0.5180774893174092
0.43	0.47942771679665497	0.5629392572815164
0.43	-0.14962655991230478	0.5494383917620476
0.43	-0.7509999479014553	0.4577197256425025
0.43	-1.2673320075375094	0.49534778867911966
0.43	-1.4034265907689645	0.5299325185355852
0.43	-1.9382476928939976	0.6113649490914628
0.43	-2.3661373640492243	0.5631336281291238
0.43	-2.600366696021025	0.5046051915960819
0.435	3.0509994756588488	0.6019742146392426
0.435	2.7920476759006223	0.4872296217517791
0.435	2.5570664373474083	0.4630627501226946
0.435	2.436065995344057	0.45471129314720965
0.435	1.5867455109682669	0.5161536274252152
0.435	1.4037184659233557	0.4786463575573069
0.435	0.9929231025526823	0.4311109213080467
0.435	0.7796006741090435	0.5146342134693768
0.435	0.4210967348443605	0.5620528956185991
0.435	-0.18721707393950052	0.548140373964107
0.435	-0.8059680092422343	0.4523327597265243
0.435	-1.3273364775372631	0.4850989762489385
0.435	-1.4769686455143043	0.5258338312921915
0.435	-1.986430065436206	0.6145327285135644
0.435	-2.4335262801117095	0.5827858854467931
0.435	-2.685291636019895	0.4509128153936088
0.44	3.0292875538417317	0.5962772274251642
0.44	2.760691741601514	0.5002320757996425
0.44	2.521143234504286	0.4673329286141914
0.44	2.401513730172101	0.4602401829587496
0.44	1.5509893518392075	0.48024982387571336
0.44	1.3679379373899778	0.48334682259810813
0.44	0.9653798605273363	0.42566207508894316
0.44	0.7301092310312839	0.5117767226748342
0.44	0.3632227256766758	0.5617030230379327
0.44	-0.2236390381201385	0.5469133357520861
0.44	-0.8593719277801608	0.4467362082797446
0.44	-1.3811338864542622	0.4795576065868746
0.44	-1.5567237933179727	0.5171825593432188
0.44	-2.0331139280269266	0.6176804378869578
0.44	-2.493041013819266	0.5876583617746908
0.44	-2.7774318158453037	0.40160660685517935
0.445	3.0091508301155696	0.58598728781988
0.445	2.7282815309522404	0.5131882648216569
0.445	2.48461457256306	0.4735484023745098
0.445	2.3677445089752567	0.4657147947354012
0.445	1.5196937702404822	0.442811321870456
0.445	1.3311762390007995	0.4844660487068511
0.445	0.9370491002127377	0.4235844604030208
0.445	0.6812162337150421	0.5091310819868561
0.445	0.3057126089674454	0.5616238532574609
0.445	-0.25921677484321376	0.5459123077716759
0.445	-0.9116100575121592	0.44110717699278984
0.445	-1.4308900736745747	0.47645184431324983
0.445	-1.6404071695659732	0.5102999337670746
0.445	-2.079191334146865	0.6211717475266518
0.445	-2.5471264473004824	0.5829850899470984
0.445	-2.874355958827212	0.36466196041801413
0.45	2.9898352322467594	0.5725592822026132
0.45	2.694444567361	0.525180383476165
0.45	2.447286317479941	0.4814159583124408
0.45	2.3344031876176183	0.47116132223186546
0.45	1.4923897583547796	0.4077582648122233
0.45	1.293525945319465	0.4830778489849217
0.45	0.9069470648460409	0.42474216409438226
0.45	0.6329629782000318	0.5065249778583147
0.45	0.2484586330032185	0.5616230368297341
0.45	-0.29425677613396795	0.5452804932374116
0.45	-0.9630576998872066	0.43558688756734393
0.45	-1.4783953878546028	0.4741173868213067
0.45	-1.725887687046972	0.5081197071106449
0.45	-2.125644926823101	0.6250540015118837
0.45	-2.5978557011247165	0.5737543564956932
0.45	-2.973972636708597	0.3413551266063763
0.455	2.9705717204611357	0.5567901535009565
0.455	2.65872729847091	0.5361070334334267
0.455	2.408972448400741	0.4906334914547524
0.455	2.301133850308624	0.47661693432265223
0.455	1.468339751669556	0.37782048167264093
0.455	1.2553211889906528	0.48056761217581223
0.455	0.8742816588782738	0.4291272228868264
0.455	0.5852957861921712	0.5038936320932119
0.455	0.1913408498441974	0.5615716712028005
0.455	-0.32905578593622614	0.5451484737458134
0.455	-1.0140645407086335	0.43028624792645254
0.455	-1.5248591112884484	0.47180335590947947
0.455	-1.8113217934549275	0.5114671889930588
0.455	-2.173669126828544	0.6288499260322283
0.455	-2.646684208528106	0.5627095570608919
0.455	-3.0747017186710273	0.33159050313321564
0.46	3.1080070880499227	0.3384143011172931
0.46	2.9504997567242346	0.5375598775721001
0.46	2.620524175290273	0.5462668783579003
0.46	2.3694940072297035	0.5009560516119519
0.46	2.2675714154477524	0.4821278439832162
0.46	1.4466970471347242	0.35402787725809737
0.46	1.2169320340356222	0.4781609295710291
0.46	0.838444238934169	0.4364207561715532
0.46	0.5380975585895277	0.5012212508142562
0.46	0.13422829150050672	0.5613930431720008
0.46	-0.3639074571007517	0.5456331985344447
0.46	-1.0649555559371142	0.42529122573116407
0.46	-1.57108923240224	0.46924495876257766
0.46	-1.8948932559654488	0.5200412242966115
0.46	-2.2247817878157754	0.6310180200212925
0.46	-2.69459400754467	0.5511127101965747
0.465	3.0097787622742245	0.3787241356762071
0.465	2.9280821191700945	0.5029266361312533
0.465	2.5789969560337354	0.5560351825337163
0.465	2.328679778896199	0.512229689147182
0.465	2.2333308288926212	0.4877440980981059
0.465	1.4266238015609916	0.3362206462075888
0.465	1.178605727295257	0.4768217403176105
0.465	0.7990126728747334	0.4458355940930011
0.465	0.49120759839111544	0.4985091583228919
0.465	0.07697949111129347	0.5610518658810676
0.465	-0.39910760707286896	0.5468366682190836
0.465	-1.116033934673806	0.42066701426678843
0.465	-1.617657737006051	0.46640923489099984
0.465	-1.9746496746646034	0.5320976462775375
0.465	-2.2808404880604565	0.6282743794402701
0.465	-2.7422704901655774	0.5395258422044336
0.47	2.9261410620868173	0.5138728990468784
0.47	2.891608965977484	0.29340676117972314
0.47	2.5329863310758345	0.5655599214714563
0.47	2.286368877209871	0.5243846773451113
0.47	2.1979914611851235	0.4935109112350053
0.47	1.4073426609803739	0.3237184702120439
0.47	1.140392018907554	0.47710860763753016
0.47	0.7557485647843263	0.4563172638659018
0.47	0.4444340689291874	0.4957589930321103
0.47	0.019442923133027833	0.5605443494667535
0.47	-0.4349580890068706	0.5488441442099888
0.47	-1.1675848550137347	0.4164610957917572
0.47	-1.6649986601345539	0.4633876296937395
0.47	-2.0486786591647084	0.5439520500702716
0.47	-2.3437760339260123	0.6160319196897266
0.47	-2.790228443653668	0.5282147407437444
0.475	2.8893086893767514	0.5330349210870553
0.475	2.809816943547487	0.29090061202339257
0.475	2.480963148726468	0.57418952300278
0.475	2.242415405552498	0.5373536510199257
0.475	2.161072571850778	0.4994660014382706
0.475	1.3881440990119185	0.31573499397491495
0.475	1.1021386357131424	0.4789513034167999
0.475	0.7085772521213856	0.4668598638014542
0.475	0.39756226700231345	0.4929637592943069
0.475	-0.03854213543185086	0.5598888021738202
0.475	-0.4717692506493958	0.5517216019826177
0.475	-1.2198792135937606	0.4127057189327803
0.475	-1.7134607712395715	0.4603527407349236
0.475	-2.1157148489744206	0.551503781808957
0.475	-2.414930859446418	0.5917549497748759
0.475	-2.8388942998319986	0.5173286307015391
0.48	2.8605470069106733	0.521488242953653
0.48	2.7226476718590127	0.3689118342149862
0.48	2.4211780023579315	0.5797444313917919
0.48	2.1966939432642287	0.5508112664866057
0.48	2.1219927098847533	0.5056910325191424
0.48	1.3683753577725504	0.31155117418180567
0.48	1.0635295355887517	0.4817748576385517
0.48	0.657550352478064	0.4767143351281791
0.48	0.35036079157719313	0.4901028502426532
0.48	-0.09714386996686489	0.5591161655199626
0.48	-0.5098608785458688	0.5555120395991135
0.48	-1.2731765892059705	0.40942027451697793
0.48	-1.7633349363734547	0.4575399382026114
0.48	-2.1757639158377144	0.5534731254930101
0.48	-2.4943948953714448	0.5587411048638454
0.48	-2.888663381468919	0.5069843628387485
0.485	2.829835056210848	0.5123020520114601
0.485	2.6410901123384316	0.43939107506592323
0.485	2.352265651831059	0.5798301732364026
0.485	2.1490987838305555	0.5635211773609825
0.485	2.080001235253473	0.5125778975681606
0.485	1.3474260091969497	0.31056228451786677
0.485	1.0241407820033748	0.48493980575174334
0.485	0.6028004188595442	0.48544071426130786
0.485	0.3025869778514261	0.48713896580443183
0.485	-0.1565348961842935	0.5582597853342904
0.485	-0.5495614265880389	0.5602301998991855
0.485	-1.3277268185841602	0.40661379552676474
0.485	-1.8148674203059783	0.45523742904368386
0.485	-2.2300454030285435	0.5516020489942646
0.485	-2.5810221411425114	0.5242508496715368
0.485	-2.939947567923793	0.49732220588825693
0.49	2.795961252525417	0.5053096357106956
0.49	2.5662457077268668	0.4993588754707335
0.49	2.2742693103030436	0.5774509978582374
0.49	2.09951274667776	0.5721536414804673
0.49	2.0340628452833758	0.5216250031906495
0.49	1.3247163272832003	0.3122768848176283
0.49	0.9834957170309179	0.4880037359750433
0.49	0.5445000280220369	0.49285160687051716
0.49	0.2539925467649628	0.4840157571118529
0.49	-0.21688753404856953	0.5573437951981071
0.49	-0.5912052123645594	0.5658553349302775
0.49	-1.3837696070899916	0.40428751665669294
0.49	-1.8682648309404721	0.45377731365705265
0.49	-2.2803168189575813	0.5480436638291584
0.49	-2.673052737461724	0.49426241651960057
0.49	-2.993226501313854	0.48857480493130945
