0.00625	2.020861024450399
0.00625	2.0103247089788128
0.00625	2.0090872000744917
0.00625	2.00682878882474
0.00625	2.0025561418852655
0.00625	2.0001519226211792
0.00625	1.9983648952709097
0.00625	1.9968378111753997
0.00625	1.9951054626003193
0.00625	1.9923302894841504
0.00625	1.991148298522754
0.00625	1.9898549623408628
0.00625	1.989011208705662
0.00625	1.98747602696517
0.00625	1.98569766542695
0.00625	1.9839062591576413
0.00625	1.983522411330506
0.00625	1.9807996311560145
0.00625	1.9805946488979398
0.00625	1.9795786830594788
0.00625	1.9784700725005686
0.00625	1.9766030145484657
0.00625	1.976226377023648
0.00625	1.9752562678009913
0.00625	1.9734030025429075
0.00625	1.9726521721865233
0.00625	1.9723138917536223
0.00625	1.9702312309847856
0.00625	1.9692907958413335
0.00625	1.968441978357464
0.00625	1.9668488001734792
0.00625	1.9653327146382884
0.00625	1.9648588272775613
0.00625	1.963422599754577
0.00625	1.9614066491441406
0.00625	1.9609380987204124
0.00625	1.9598730106044036
0.00625	1.9589370624496194
0.00625	1.9578208507559884
0.00625	1.955780962149724
0.00625	1.9548595591214553
0.00625	1.953304649270182
0.00625	1.952012120761794
0.00625	1.9498800102886635
0.00625	1.9480455663038805
0.00625	1.946625446723582
0.00625	1.9452970410817632
0.00625	1.9428994371157329
0.00625	1.941562470973907
0.00625	1.9379793959582339
0.00625	1.9368741695003053
0.00625	1.9330304819321393
0.00625	1.930298324860182
0.00625	1.928788546945028
0.00625	1.9272210575161226
0.00625	1.9240962776345316
0.00625	-0.47418077806428793
0.00625	-0.6523094827462718
0.00625	-0.6624550857050638
0.00625	-0.98984986610019
0.00625	-1.358609405855955
0.00625	-1.6773929086717416
0.00625	-1.6881637818793334
0.00625	-1.885231141224249
0.0125	2.0784267860053536
0.0125	2.0572002555036994
0.0125	2.0547706670262804
0.0125	2.0503527743921546
0.0125	2.0416357662967797
0.0125	2.0368318292332828
0.0125	2.0332382336811183
0.0125	2.0302491968281777
0.0125	2.0267789440552857
0.0125	2.021162919724106
0.0125	2.018853242347341
0.0125	2.016187857390231
0.0125	2.014571308917061
0.0125	2.0114793569477802
0.0125	2.0079198949983494
0.0125	2.0043629702796317
0.0125	2.0036138348687245
0.0125	1.9980915003278503
0.0125	1.9977278588851688
0.0125	1.9956304338908974
0.0125	1.9934348133677708
0.0125	1.989657518132118
0.0125	1.9890048541570537
0.0125	1.987019527684463
0.0125	1.9833499208501861
0.0125	1.9818516276683464
0.0125	1.9810716810572804
0.0125	1.977013303130594
0.0125	1.9749701925182739
0.0125	1.9734216607026052
0.0125	1.970213364866727
0.0125	1.9671395995515635
0.0125	1.9661834387091797
0.0125	1.963326992840357
0.0125	1.9593565021307873
0.0125	1.9583868935544677
0.0125	1.9562059077946152
0.0125	1.9543097977304293
0.0125	1.9521074653726098
0.0125	1.9479968350415484
0.0125	1.9462502860487152
0.0125	1.9430763274424714
0.0125	1.9405012891964526
0.0125	1.9362122227718341
0.0125	1.9325721479817528
0.0125	1.9297878924927678
0.0125	1.927098775447081
0.0125	1.9222571149528023
0.0125	1.9196822576213162
0.0125	1.9124645765951243
0.0125	1.9103210370569959
0.0125	1.9024504461353207
0.0125	1.8970742812260621
0.0125	1.8940346252299136
0.0125	1.8908672017486858
0.0125	1.884644947382587
0.0125	-0.4666011359662454
0.0125	-0.6324443171242302
0.0125	-0.6522584732905932
0.0125	-0.9848117728676148
0.0125	-1.3559646213130467
0.0125	-1.671271455012846
0.0125	-1.692863948499697
0.0125	-1.8956950965277894
0.01875	2.1361843017580786
0.01875	2.104123946501222
0.01875	2.100533464391499
0.01875	2.09406424435684
0.01875	2.0807326258061645
0.01875	2.0735320663918175
0.01875	2.068110448054943
0.01875	2.0637298628628518
0.01875	2.0585079110714206
0.01875	2.049993999679392
0.01875	2.046607046845078
0.01875	2.0424914718233267
0.01875	2.040170177363749
0.01875	2.0355011118406683
0.01875	2.0301619774212885
0.01875	2.024864884735433
0.01875	2.0237689980965765
0.01875	2.015381748450569
0.01875	2.014881412423484
0.01875	2.011647622062844
0.01875	2.0083902908538285
0.01875	2.002662179019245
0.01875	2.0018269792883574
0.01875	1.9987849575473189
0.01875	1.99333587733063
0.01875	1.9910918364174544
0.01875	1.9897667832509771
0.01875	1.9838505995339384
0.01875	1.9805487963438637
0.01875	1.9784125818793163
0.01875	1.9735859515339125
0.01875	1.9689163786185024
0.01875	1.967468292289976
0.01875	1.963208722425896
0.01875	1.9573467054075249
0.01875	1.955839158341757
0.01875	1.95249532874878
0.01875	1.9496183129623987
0.01875	1.9463567846526304
0.01875	1.9401474406554944
0.01875	1.9376643649799172
0.01875	1.9328080147419717
0.01875	1.928962723326076
0.01875	1.9224961585741789
0.01875	1.917073052017603
0.01875	1.9129848077239666
0.01875	1.9088998704854665
0.01875	1.9015767856715966
0.01875	1.8978523526949869
0.01875	1.8869585085590403
0.01875	1.8838386275333936
0.01875	1.8717630933541438
0.01875	1.8638283575029453
0.01875	1.8592399483959194
0.01875	1.8544334155127502
0.01875	1.8451437168529572
0.01875	-0.4581811177543186
0.01875	-0.6132637809568597
0.01875	-0.6421840932301324
0.01875	-0.9797142994411341
0.01875	-1.3534209675819733
0.01875	-1.6651350500750082
0.01875	-1.6975496407673485
0.01875	-1.9064623790058406
0.025	2.194124967228277
0.025	2.1510974716758104
0.025	2.1463633366326302
0.025	2.137959688620145
0.025	2.1198453137674766
0.025	2.110249424794444
0.025	2.1029768103994004
0.025	2.0972800491498336
0.025	2.090284338154315
0.025	2.0788246523726213
0.025	2.0744064390881034
0.025	2.0687636464963886
0.025	2.0658014166731764
0.025	2.0595371659547697
0.025	2.0524237426090055
0.025	2.04541160232489
0.025	2.0439866357279084
0.025	2.0326865348397223
0.025	2.032036662617511
0.025	2.0276271822116954
0.025	2.0233369817197295
0.025	2.0156230182291273
0.025	2.014686067406621
0.025	2.0105523240006824
0.025	2.0033599848414316
0.025	2.0003708123195256
0.025	1.9983980402862724
0.025	1.9907507826079431
0.025	1.9860485981588893
0.025	1.9833871566976258
0.025	1.976963377114709
0.025	1.9706635042175098
0.025	1.96871254295078
0.025	1.963067756831044
0.025	1.9553786891461955
0.025	1.9532924209632943
0.025	1.948742876080495
0.025	1.9448676612878917
0.025	1.9405702453271783
0.025	1.9322380858979418
0.025	1.9290974745627447
0.025	1.9224973188289105
0.025	1.9173963143624126
0.025	1.9087360105881839
0.025	1.9015462312902218
0.025	1.89621816486405
0.025	1.8906994711961393
0.025	1.8808675404014679
0.025	1.8760696543679563
0.025	1.8614690818767934
0.025	1.8574287652997192
0.025	1.8409769422985869
0.025	1.8305653808654239
0.025	1.8244110272507605
0.025	1.8179194138242085
0.025	1.805594830173377
0.025	-0.44877083552508346
0.025	-0.5948958363808643
0.025	-0.6322740395312636
0.025	-0.9745571878511193
0.025	-1.3509678968408163
0.025	-1.6590148432813003
0.025	-1.7022125102327712
0.025	-1.9174791206464188
0.03125	2.2522399336012415
0.03125	2.19812212686637
0.03125	2.192248301796561
0.03125	2.182035204404256
0.03125	2.158972652167423
0.03125	2.14698054627979
0.03125	2.1378328527965493
0.03125	2.13089987825433
0.03125	2.1221001664236807
0.03125	2.1076564183551705
0.03125	2.1022480697787245
0.03125	2.095002828114316
0.03125	2.0914576290383478
0.03125	2.0835835451340285
0.03125	2.0747049615782895
0.03125	2.066003043140836
0.03125	2.0642648497160057
0.03125	2.0500235760281544
0.03125	2.0491738065544416
0.03125	2.043566042035041
0.03125	2.0382751573412246
0.03125	2.028551411062584
0.03125	2.0275700182294987
0.03125	2.022321390454004
0.03125	2.013420779104825
0.03125	2.009686801723795
0.03125	2.0069648695662354
0.03125	1.9977203447538507
0.03125	1.991497416579382
0.03125	1.9883128792937825
0.03125	1.9803424236333496
0.03125	1.9723815488695362
0.03125	1.9699154777729744
0.03125	1.9629038706199182
0.03125	1.9534535931723593
0.03125	1.950744388932004
0.03125	1.944950541052611
0.03125	1.9400631685798193
0.03125	1.9347492079269473
0.03125	1.9242751285811586
0.03125	1.9205440754273084
0.03125	1.9121418823654686
0.03125	1.905802022724378
0.03125	1.8949360227354328
0.03125	1.885989732124614
0.03125	1.8794898280950059
0.03125	1.872496643323831
0.03125	1.8601391987304603
0.03125	1.8543303824847042
0.03125	1.8360045508695682
0.03125	1.8310924841045706
0.03125	1.8101012062356947
0.03125	1.7972899246684977
0.03125	1.789554571634485
0.03125	1.7813250791016755
0.03125	1.7660004749659937
0.03125	-0.43822395408029297
0.03125	-0.5774596139114182
0.03125	-0.6225751573865487
0.03125	-0.9693395388453774
0.03125	-1.3485952495030828
0.03125	-1.6529343215801549
0.03125	-1.7068444812996943
0.03125	-1.9286996417812232
0.0375	2.3105200719637
0.0375	2.2451986332944536
0.0375	2.2381768316697226
0.0375	2.2262864889211547
0.0375	2.1981136701524506
0.0375	2.183721925716095
0.0375	2.172674379668672
0.0375	2.164589292547582
0.0375	2.15394735421045
0.0375	2.136491241826768
0.0375	2.130128522039069
0.0375	2.1212082353907937
0.0375	2.1171302614879197
0.0375	2.107636418671741
0.0375	2.097005337024114
0.0375	2.0866395111630376
0.0375	2.0846010607742613
0.0375	2.067405965234318
0.0375	2.066278058604744
0.0375	2.059461147038386
0.0375	2.0532048585728293
0.0375	2.041468395173903
0.0375	2.040457009552746
0.0375	2.034091914226634
0.0375	2.0235162565634393
0.0375	2.019038413288905
0.0375	2.0154671407206273
0.0375	2.004764675208022
0.0375	1.996925599473918
0.0375	1.9931555255049977
0.0375	1.9837198369647753
0.0375	1.9740711888964244
0.0375	1.9710765424161942
0.0375	1.9627166186312095
0.0375	1.95157228772259
0.0375	1.9481929602941093
0.0375	1.9411207177251126
0.0375	1.9352103403443346
0.0375	1.9288949858819926
0.0375	1.9162661172930435
0.0375	1.9119973063312061
0.0375	1.9017393833051048
0.0375	1.89417986697125
0.0375	1.8811004603939128
0.0375	1.8704017348973119
0.0375	1.862801533980777
0.0375	1.8542904073178834
0.0375	1.839402253010882
0.0375	1.83263012356736
0.0375	1.8105735535615823
0.0375	1.8048300396250132
0.0375	1.7791457570109777
0.0375	1.7640063189785242
0.0375	1.7546774827713352
0.0375	1.7446504859172804
0.0375	1.72636278066955
0.0375	-0.4264199201745653
0.0375	-0.5610439538913927
0.0375	-0.613138373070824
0.0375	-0.9640598627122331
0.0375	-1.3462931782542993
0.0375	-1.6469113715523982
0.0375	-1.7114377536092027
0.0375	-1.9400842852628457
0.04375	2.3689559320392655
0.04375	2.2923269748438773
0.04375	2.2841380147848587
0.04375	2.270708827333784
0.04375	2.2372675818968535
0.04375	2.2204699159489727
0.04375	2.207497480809372
0.04375	2.1983479894073765
0.04375	2.185817926094038
0.04375	2.1653314466208378
0.04375	2.1580443266556966
0.04375	2.1473800366088613
0.04375	2.1428094432414246
0.04375	2.131692092451067
0.04375	2.1193244931252395
0.04375	2.107321751166252
0.04375	2.1049919664455246
0.04375	2.084839854642586
0.04375	2.0833419591199647
0.04375	2.0753094905638276
0.04375	2.068125867570799
0.04375	2.05440738540888
0.04375	2.0533127835016827
0.04375	2.0458636409771653
0.04375	2.03364392364588
0.04375	2.028424675637521
0.04375	2.0239051141119386
0.04375	2.0118880844976994
0.04375	2.002360797384577
0.04375	1.997884327945998
0.04375	1.9870923270750525
0.04375	1.9757331895268306
0.04375	1.9721953662667986
0.04375	1.962505311840143
0.04375	1.9497353960432775
0.04375	1.9456362299867007
0.04375	1.9372562158471178
0.04375	1.9303147587753466
0.04375	1.923008883788241
0.04375	1.9082198743730823
0.04375	1.9034489361255926
0.04375	1.8912875367995696
0.04375	1.8825299140682121
0.04375	1.8672335812550989
0.04375	1.854780595836498
0.04375	1.8461548716048084
0.04375	1.8360797714111547
0.04375	1.8186677661028272
0.04375	1.8109639227359815
0.04375	1.7851851120872086
0.04375	1.7786409393952374
0.04375	1.7481210838518964
0.04375	1.7307186741569145
0.04375	1.7197868445460176
0.04375	1.7078959238727924
0.04375	1.6866838167129798
0.04375	-0.41328932699630444
0.04375	-0.5456835244010433
0.04375	-0.6040173000079735
0.04375	-0.9587161462363873
0.04375	-1.3440520647152472
0.04375	-1.6409597726192413
0.04375	-1.7159847996192858
0.04375	-1.951597821297997
0.05	2.4275376939554927
0.05	2.3395062642457467
0.05	2.3301216917156884
0.05	2.3152970748879973
0.05	2.2764337639136283
0.05	2.257220735304084
0.05	2.2422985460977403
0.05	2.2321753553260537
0.05	2.2177040186571655
0.05	2.1941797010051176
0.05	2.185991984438265
0.05	2.173519514717012
0.05	2.168483839329466
0.05	2.155747003079182
0.05	2.141661964560574
0.05	2.1280509883967795
0.05	2.125433515819709
0.05	2.1023267127819016
0.05	2.1003631066076176
0.05	2.0911081489075842
0.05	2.083037676272355
0.05	2.0674041311297473
0.05	2.0661006901713677
0.05	2.0576362962784476
0.05	2.04380085476643
0.05	2.0378450563316766
0.05	2.0322794104925217
0.05	2.0190938078859064
0.05	2.007823315279623
0.05	2.0024765951310077
0.05	1.9904565695449679
0.05	1.9773683922397844
0.05	1.9732717853003428
0.05	1.962268995374173
0.05	1.94794331763121
0.05	1.9430724929260517
0.05	1.933360271473722
0.05	1.9253819725380301
0.05	1.9170922433610842
0.05	1.9001464675514546
0.05	1.8948894252819846
0.05	1.8807840988760043
0.05	1.8708522708450963
0.05	1.8533396073066637
0.05	1.839124889669432
0.05	1.829551262056229
0.05	1.8178637636177721
0.05	1.797947216211999
0.05	1.7893264285526016
0.05	1.759848607852689
0.05	1.7525239964864971
0.05	1.7170382457964375
0.05	1.697430918713162
0.05	1.6848899134382938
0.05	1.6710619186347027
0.05	1.646965590585631
0.05	-0.39883282069552534
0.05	-0.531342249209362
0.05	-0.5952659847867371
0.05	-0.9533059297472283
0.05	-1.34186243315775
0.05	-1.6350902816238517
0.05	-1.7204783571361182
0.05	-1.96320825912883
0.05625	2.486255111378736
0.05625	2.386734644767352
0.05625	2.376118556806735
0.05625	2.3600456320191507
0.05625	2.3156117319587115
0.05625	2.2939704772645637
0.05625	2.2770742831301622
0.05625	2.266070399326537
0.05625	2.249597921552564
0.05625	2.2230389708761344
0.05625	2.213967995963792
0.05625	2.1996291804902004
0.05625	2.194140560523553
0.05625	2.179797712767502
0.05625	2.164017184836144
0.05625	2.148828937514498
0.05625	2.145920914158112
0.05625	2.119866068513353
0.05625	2.117341402450725
0.05625	2.1068543213414315
0.05625	2.09793945142194
0.05625	2.0804761535444296
0.05625	2.078802251477664
0.05625	2.069409574421582
0.05625	2.0539837566874946
0.05625	2.047299458154385
0.05625	2.0405909985663184
0.05625	2.026384001050563
0.05625	2.0133245472127124
0.05625	2.006919256161901
0.05625	1.993809208378853
0.05625	1.9789777050306092
0.05625	1.9743058618735856
0.05625	1.9620064291246153
0.05625	1.9461962513832212
0.05625	1.9405002448726387
0.05625	1.9294365540727911
0.05625	1.9204173830790394
0.05625	1.9111464948453143
0.05625	1.8920570115696413
0.05625	1.8863081552292387
0.05625	1.870226872050978
0.05625	1.859147076602832
0.05625	1.8394226987088986
0.05625	1.8234334529639735
0.05625	1.8129919370763232
0.05625	1.7996414625801085
0.05625	1.7772522893483258
0.05625	1.7677120901018974
0.05625	1.73457372620829
0.05625	1.7264774124750775
0.05625	1.6859088169330927
0.05625	1.6641468525352827
0.05625	1.6499941069258806
0.05625	1.6341492512840332
0.05625	1.607210045852534
0.05625	-0.38312399399922353
0.05625	-0.5179135690038944
0.05625	-0.5869358278441149
0.05625	-0.9478263896119253
0.05625	-1.339714865179333
0.05625	-1.6293114241140796
0.05625	-1.7249114166537598
0.05625	-1.974885946114274
0.0625	2.545097443782313
0.0625	2.4340092288863135
0.0625	2.4221202257185057
0.0625	2.40494841091206
0.0625	2.3548011177429102
0.0625	2.330715121861128
0.0625	2.3118217392219353
0.0625	2.3000316855004588
0.0625	2.2814921129110672
0.0625	2.251912461645225
0.0625	2.241968898228333
0.0625	2.2257127796460163
0.0625	2.2197651842657824
0.0625	2.203840904662609
0.0625	2.186389474065212
0.0625	2.16965776663253
0.0625	2.166448671431755
0.0625	2.1374569493887896
0.0625	2.1342776009043094
0.0625	2.122545374654737
0.0625	2.1128299962085486
0.0625	2.0936208175843
0.0625	2.0914190909845076
0.0625	2.0811831246496184
0.0625	2.0641890372326652
0.0625	2.0567882008929472
0.0625	2.048841194448907
0.0625	2.0337597354412553
0.0625	2.018868468529089
0.0625	2.0112073481313155
0.0625	1.997146860210461
0.0625	1.980562096130958
0.0625	1.975297900799245
0.0625	1.961716071413607
0.0625	1.944494218242856
0.0625	1.9379181818741142
0.0625	1.925489168580042
0.0625	1.9154261322587938
0.0625	1.905173211003339
0.0625	1.8839632615445456
0.0625	1.8776938633521556
0.0625	1.859613712931241
0.0625	1.8474144968068438
0.0625	1.8254869302385748
0.0625	1.8077054281837306
0.0625	1.7964779165074294
0.0625	1.781412027236
0.0625	1.756594629190449
0.0625	1.7461153963696785
0.0625	1.709370367797112
0.0625	1.7004988928254623
0.0625	1.6547448239547022
0.0625	1.6308702162599693
0.0625	1.6151069900827155
0.0625	1.597158976171306
0.0625	1.5674190602546454
0.0625	-0.36629427940114245
0.0625	-0.505239219011602
0.0625	-0.5790719852576133
0.0625	-0.9422744226478642
0.0625	-1.3375999188613477
0.0625	-1.623630073483565
0.0625	-1.7292772033099952
0.0625	-1.9866028682770052
0.06875	2.604053374897986
0.06875	2.481326070753548
0.06875	2.4681192729586967
0.06875	2.44999879161351
0.06875	2.394001645522359
0.06875	2.367450548269509
0.06875	2.3465383293848414
0.06875	2.3340572637496533
0.06875	2.313379288366669
0.06875	2.280803549887838
0.06875	2.269991306798187
0.06875	2.251775136086201
0.06875	2.2453419449024086
0.06875	2.2278733781318647
0.06875	2.2087780262454157
0.06875	2.190540006023205
0.06875	2.187010704833429
0.06875	2.1550983917900823
0.06875	2.151172787290876
0.06875	2.138178891542139
0.06875	2.1277077086950795
0.06875	2.106829176553611
0.06875	2.1039590915301627
0.06875	2.092956535052954
0.06875	2.0744128766792587
0.06875	2.0663119928360643
0.06875	2.0570316702225773
0.06875	2.0412209967561
0.06875	2.024454295914902
0.06875	2.0153413313431234
0.06875	2.000466120065943
0.06875	1.9821225913956193
0.06875	1.976248461147397
0.06875	1.9613960661136853
0.06875	1.9428370830830226
0.06875	1.935325198784713
0.06875	1.9215226504961578
0.06875	1.9104129967265002
0.06875	1.8991741602879006
0.06875	1.8758770137873795
0.06875	1.86903526745458
0.06875	1.8489425417254828
0.06875	1.8356547177566307
0.06875	1.8115362707733953
0.06875	1.7919403086376693
0.06875	1.7800099839099057
0.06875	1.763174725260513
0.06875	1.7359855637999713
0.06875	1.7245311381573227
0.06875	1.6842485276450208
0.06875	1.6745857937610753
0.06875	1.6235586759468434
0.06875	1.5976047771118433
0.06875	1.5802362600243542
0.06875	1.5600924373768124
0.06875	1.5275944439515343
0.06875	-0.3485073624129556
0.06875	-0.49313840717838164
0.06875	-0.5717098489077269
0.06875	-0.9366467300162602
0.06875	-1.3355080556961585
0.06875	-1.6180518746846173
0.06875	-1.7335691534720146
0.06875	-1.9983320902620139
0.075	2.663110913521455
0.075	2.528680166055709
0.075	2.5141092472240905
0.075	2.4951895653761276
0.075	2.4332131088271884
0.075	2.40417254820728
0.075	2.381221872322194
0.075	2.368144597169622
0.075	2.345252383542798
0.075	2.3097157069004366
0.075	2.298031961309492
0.075	2.27782179417231
0.075	2.2708541310398918
0.075	2.2518920435961496
0.075	2.2311818962614662
0.075	2.211478400918271
0.075	2.2076004957918296
0.075	2.1727895692372843
0.075	2.168028238519771
0.075	2.1537527220006645
0.075	2.142570537707506
0.075	2.120093591260323
0.075	2.1164287792792273
0.075	2.1047293146146417
0.075	2.0846513007024536
0.075	2.0758718941581646
0.075	2.065164470582693
0.075	2.0487666875413333
0.075	2.0300787640398474
0.075	2.019324781644465
0.075	2.0037635690972957
0.075	1.9836602755291237
0.075	1.9771583634694565
0.075	1.9610442338192335
0.075	1.941224575900289
0.075	1.9327203873761496
0.075	1.9175419519677877
0.075	1.9053822948599317
0.075	1.893151355907403
0.075	1.8678094057472694
0.075	1.8603217878355705
0.075	1.83821135367036
0.075	1.8238679422512523
0.075	1.7975745662909923
0.075	1.7761379849114245
0.075	1.763588659639262
0.075	1.7449289604284663
0.075	1.7154358360227728
0.075	1.7029546656186498
0.075	1.659218148317451
0.075	1.6487352946945848
0.075	1.592363086971378
0.075	1.5643544311628044
0.075	1.5453897279010307
0.075	1.5229512839983965
0.075	1.4877379381061082
0.075	-0.32993399584816435
0.075	-0.481435758158712
0.075	-0.5648723598040668
0.075	-0.9309398986999284
0.075	-1.333429578052248
0.075	-1.6125815517174102
0.075	-1.7377808856540582
0.075	-2.0100472887329373
0.08125	2.722257271487829
0.08125	2.5760654711176327
0.08125	2.5600846742520957
0.08125	2.5405128624061493
0.08125	2.472435347377523
0.08125	2.4408768396396376
0.08125	2.415870636634165
0.08125	2.402290483783498
0.08125	2.3771045900259997
0.08125	2.338652416996923
0.08125	2.326087771173075
0.08125	2.3038584751373143
0.08125	2.296284675383766
0.08125	2.2758939162750056
0.08125	2.25359998670885
0.08125	2.2324757218581386
0.08125	2.2282112876944367
0.08125	2.190529799427486
0.08125	2.184845405557889
0.08125	2.169265036365353
0.08125	2.1574159371341937
0.08125	2.133408682113262
0.08125	2.1288323756795826
0.08125	2.116500873835569
0.08125	2.0949002540495436
0.08125	2.085469272877742
0.08125	2.0732420372468403
0.08125	2.056394633174383
0.08125	2.035737559524357
0.08125	2.0231629182713355
0.08125	2.007035784742526
0.08125	1.9851762969852769
0.08125	1.978028692136884
0.08125	1.9606580675368477
0.08125	1.9396563123503041
0.08125	1.9301030343583137
0.08125	1.9135524165417022
0.08125	1.9003378117541203
0.08125	1.8871070976236366
0.08125	1.8597702659377784
0.08125	1.8515442157384587
0.08125	1.8274182322155061
0.08125	1.812054386110386
0.08125	1.7836055265655468
0.08125	1.7602987935375545
0.08125	1.7472141703178508
0.08125	1.726674298931512
0.08125	1.6949553662571357
0.08125	1.6813821124451802
0.08125	1.6342889585100735
0.08125	1.6229445848995792
0.08125	1.5611709925521402
0.08125	1.5311233213183162
0.08125	1.5105752979897147
0.08125	1.4857374843795765
0.08125	1.447851213928408
0.08125	-0.3107342649368976
0.08125	-0.4699803323708702
0.08125	-0.5585687967476257
0.08125	-0.9251504795026959
0.08125	-1.331354579863356
0.08125	-1.6072231262815897
0.08125	-1.7419061656791361
0.08125	-2.021722344122208
0.0875	2.781478711921918
0.0875	2.6234749330537026
0.0875	2.606041057423169
0.0875	2.5859600606509163
0.0875	2.511668224442956
0.0875	2.477559080431351
0.0875	2.4504833997906275
0.0875	2.436490969813286
0.0875	2.4089293652877592
0.0875	2.3676170941937853
0.0875	2.3541558579733874
0.0875	2.32989043446758
0.0875	2.321616850980589
0.0875	2.299876108228828
0.0875	2.276031034807254
0.0875	2.253534559989234
0.0875	2.248836296867429
0.0875	2.2083185216003645
0.0875	2.2016259265939757
0.0875	2.1847143783040575
0.0875	2.1722408203445167
0.0875	2.146770638919434
0.0875	2.1411724928137597
0.0875	2.128270504570171
0.0875	2.105155674585225
0.0875	2.095105753324276
0.0875	2.0812672414260094
0.0875	2.0641015898151527
0.0875	2.0414260684494834
0.0875	2.026861811075685
0.0875	2.0102793540712782
0.0875	1.9866718763529898
0.0875	1.9788607927586475
0.0875	1.960234733584676
0.0875	1.9381318138706058
0.0875	1.9274726197194922
0.0875	1.9095597403864395
0.0875	1.8952827472170037
0.0875	1.8810440039156768
0.0875	1.8517676644187222
0.0875	1.8426951775378986
0.0875	1.8165613639497467
0.0875	1.8002142755731037
0.0875	1.76963271571047
0.0875	1.7444235691396157
0.0875	1.7308864135358561
0.0875	1.708410494892356
0.0875	1.6745530716303572
0.0875	1.6598105625717459
0.0875	1.6094703124947976
0.0875	1.5972110494241076
0.0875	1.5299954618866698
0.0875	1.49791596997792
0.0875	1.4758009435457562
0.0875	1.4484533394272154
0.0875	1.4079358724756121
0.0875	-0.29104859752338885
0.0875	-0.4586541709087268
0.0875	-0.5527952958909926
0.0875	-0.9192750608572097
0.0875	-1.3292729126687934
0.0875	-1.6019800664249977
0.0875	-1.7459388656599182
0.0875	-2.033330961872249
0.09375	2.840760358164289
0.09375	2.6709005235712464
0.09375	2.6519748855208607
0.09375	2.6315216716610443
0.09375	2.5509116046817804
0.09375	2.5142148815115983
0.09375	2.4850595224377203
0.09375	2.470741251263408
0.09375	2.440720437090279
0.09375	2.396613001061437
0.09375	2.38223359062651
0.09375	2.3559218616825666
0.09375	2.3468349329582727
0.09375	2.323835817872299
0.09375	2.298473599554412
0.09375	2.2746571412663035
0.09375	2.2694689025260844
0.09375	2.2261552713341812
0.09375	2.218371643772213
0.09375	2.2000997152803126
0.09375	2.18704151707146
0.09375	2.160176583741966
0.09375	2.1534507767216353
0.09375	2.140037359638255
0.09375	2.1154135676543975
0.09375	2.1047831562777914
0.09375	2.0892434246681044
0.09375	2.0718832524461135
0.09375	2.047139708749335
0.09375	2.0304279957496707
0.09375	2.013490891122297
0.09375	1.988148317787967
0.09375	1.9796562645483187
0.09375	1.9597710782811066
0.09375	1.9366505275466495
0.09375	1.9248288157239763
0.09375	1.9055699179047443
0.09375	1.8902196904474098
0.09375	1.8749650328152685
0.09375	1.843807745236951
0.09375	1.8337693130677517
0.09375	1.8056390551415764
0.09375	1.788347845459431
0.09375	1.7556595464748872
0.09375	1.7285137014812053
0.09375	1.7146049162901054
0.09375	1.6901375152283036
0.09375	1.654236755429844
0.09375	1.6382381453035
0.09375	1.584771046884622
0.09375	1.5715324378712991
0.09375	1.4988496081198348
0.09375	1.4647374247073037
0.09375	1.4410746789598912
0.09375	1.411101495137832
0.09375	1.3679934454324747
0.09375	-0.2709953800818077
0.09375	-0.4473727409694992
0.09375	-0.5475368666583436
0.09375	-0.9133103383280549
0.09375	-1.3271741689690573
0.09375	-1.5968553784017123
0.09375	-1.7498729163830093
0.09375	-2.0448462976219397
0.1	2.900085950221781
0.1	2.7183332706582433
0.1	2.697883655567202
0.1	2.6771871992747305
0.1	2.5901653326254177
0.1	2.550839819235287
0.1	2.519599040426397
0.1	2.505035560716087
0.1	2.4724718031584243
0.1	2.425643173519976
0.1	2.410318609743541
0.1	2.3819554629142163
0.1	2.371924686071102
0.1	2.3477703160542083
0.1	2.320926049402092
0.1	2.2958451891108296
0.1	2.29010278604128
0.1	2.2440396592395007
0.1	2.235084617004495
0.1	2.2154204833739497
0.1	2.2018137361660512
0.1	2.1736241789227373
0.1	2.165668306660469
0.1	2.151800432846992
0.1	2.1256700811415272
0.1	2.1145034295703753
0.1	2.0971744484259824
0.1	2.0797342613825562
0.1	2.052874047586496
0.1	2.033868296981274
0.1	2.0166670593134635
0.1	1.9896070230363538
0.1	1.9804169476904976
0.1	1.9592636411322004
0.1	1.9352118459579177
0.1	1.9221714869754045
0.1	1.9015891702268894
0.1	1.8851506236602638
0.1	1.8688734907604803
0.1	1.835894824205846
0.1	1.824763184690727
0.1	1.7946497498832488
0.1	1.7764553380380776
0.1	1.741689278124408
0.1	1.7125711991586778
0.1	1.6983687855762561
0.1	1.6718555641139279
0.1	1.6340130682380827
0.1	1.6166640572967297
0.1	1.5601993691345253
0.1	1.54590700188644
0.1	1.4677464995594645
0.1	1.4315934149852139
0.1	1.406404527862242
0.1	1.373684954399674
0.1	1.3280253971929439
0.1	-0.25067234599026106
0.1	-0.43608070990587017
0.1	-0.5427703099643133
0.1	-0.9072531800464312
0.1	-1.3250476843311112
0.1	-1.5918516509266956
0.1	-1.7537022524405637
0.1	-2.0562405608804806
0.10625	2.959437530141864
0.10625	2.7657632840699518
0.10625	2.7437659162002133
0.10625	2.7229449669265455
0.10625	2.6294292118495997
0.10625	2.587429446626785
0.10625	2.554102775940846
0.10625	2.5393670370813326
0.10625	2.5041777268598113
0.10625	2.454710354776966
0.10625	2.4384088381799667
0.10625	2.407992303217606
0.10625	2.396873601851223
0.10625	2.371676927563817
0.10625	2.343386550706467
0.10625	2.317099850747693
0.10625	2.3107320040068347
0.10625	2.261971354030813
0.10625	2.2517671341199272
0.10625	2.2306766223989087
0.10625	2.2165525386579774
0.10625	2.1871114046573874
0.10625	2.1778258258726253
0.10625	2.1635585400282302
0.10625	2.135921582058392
0.10625	2.124268567514646
0.10625	2.1050647520825008
0.10625	2.087648206201012
0.10625	2.0586248186130214
0.10625	2.0371897443234173
0.10625	2.0198046001001293
0.10625	1.991049507466669
0.10625	1.9811449057636092
0.10625	1.958708675177242
0.10625	1.9338151271886967
0.10625	1.9195006920491076
0.10625	1.8976238558416205
0.10625	1.880076955129924
0.10625	1.8627730296361271
0.10625	1.828031663679437
0.10625	1.815675005548449
0.10625	1.7835920498288054
0.10625	1.7645370025134384
0.10625	1.7277250176408727
0.10625	1.6965987617959863
0.10625	1.682176649533266
0.10625	1.653565107337694
0.10625	1.6138875312022312
0.10625	1.595088520833342
0.10625	1.5357627872241848
0.10625	1.5203335921851506
0.10625	1.4366990749722535
0.10625	1.3984905178767733
0.10625	1.3717984869516096
0.10625	1.3362070882227486
0.10625	1.2880331287191027
0.10625	-0.2301595745522932
0.10625	-0.4247458970546402
0.10625	-0.5384673518200015
0.10625	-0.9011006886901525
0.10625	-1.3228825592261206
0.10625	-1.5869710583854033
0.10625	-1.7574207492455975
0.10625	-2.067484569055511
0.1125	3.01879502980414
0.1125	2.8131797721925293
0.1125	2.7896213336165028
0.1125	2.768781910537143
0.1125	2.668702984901149
0.1125	2.623979303261175
0.1125	2.5885724668166716
0.1125	2.573727578254522
0.1125	2.5358327297220913
0.1125	2.483816940730225
0.1125	2.466502475803203
0.1125	2.434031896294191
0.1125	2.4216708985595234
0.1125	2.395553006697334
0.1125	2.3658530572398653
0.1125	2.3384216853636124
0.1125	2.3313509967513304
0.1125	2.2799500690698133
0.1125	2.2684217177704937
0.1125	2.2458685963508356
0.1125	2.2312523267433857
0.1125	2.2006364334440645
0.1125	2.18992387647676
0.1125	2.17531030158903
0.1125	2.14616473598223
0.1125	2.134080517197873
0.1125	2.1129194181195636
0.1125	2.095617627261265
0.1125	2.0643878978443055
0.1125	2.0403995215113393
0.1125	2.0229003691138288
0.1125	1.9924774174776543
0.1125	1.981842403288258
0.1125	1.9581021751400995
0.1125	1.9324597151452398
0.1125	1.916816687162803
0.1125	1.89368036367219
0.1125	1.8749995802019819
0.1125	1.8566676328982528
0.1125	1.8202198175528896
0.1125	1.8065042938022557
0.1125	1.7724647355642311
0.1125	1.7525930949798278
0.1125	1.7137697238324474
0.1125	1.6805998623524576
0.1125	1.6660265877247455
0.1125	1.6352668967940642
0.1125	1.5938646048664649
0.1125	1.573512694776513
0.1125	1.5114680834023115
0.1125	1.4948117123741052
0.1125	1.405720066190462
0.1125	1.3654363303920614
0.1125	1.3372644854255904
0.1125	1.2986716463907284
0.1125	1.248017983583917
0.1125	-0.20952283713970624
0.1125	-0.4133532119501606
0.1125	-0.5345974479340944
0.1125	-0.894850261044983
0.1125	-1.3206677010095287
0.1125	-1.5822153278458417
0.1125	-1.761022150777925
0.1125	-2.0785472173817796
0.11875	3.078135722512119
0.11875	2.8605710493595122
0.11875	2.835450776556916
0.11875	2.8146833368747397
0.11875	2.7079863139106646
0.11875	2.6604849235261185
0.11875	2.6230109086880335
0.11875	2.6081076810829478
0.11875	2.5674315814828366
0.11875	2.512964938071266
0.11875	2.4945979776186156
0.11875	2.4600724636576126
0.11875	2.4463073629215306
0.11875	2.4193959051243614
0.11875	2.3883233010362606
0.11875	2.3598106992027605
0.11875	2.3519545468224834
0.11875	2.297975551387867
0.11875	2.285051129372935
0.11875	2.260997393425847
0.11875	2.24590685530951
0.11875	2.214197557744715
0.11875	2.2019628819944983
0.11875	2.187054127000628
0.11875	2.1563965913406458
0.11875	2.1439410692885126
0.11875	2.120744240942964
0.11875	2.1036340171093566
0.11875	2.0701592662195316
0.11875	2.043504920483057
0.11875	2.025951380943678
0.11875	1.9938925485976402
0.11875	1.9825118785013542
0.11875	1.9574399139264007
0.11875	1.93114496025304
0.11875	1.9141199324764062
0.11875	1.889764990150149
0.11875	1.8699189669603007
0.11875	1.8505615922175263
0.11875	1.812459963335423
0.11875	1.7972515362355197
0.11875	1.761266789700418
0.11875	1.7406238786857846
0.11875	1.6998262139387503
0.11875	1.6645788404647914
0.11875	1.649916049937807
0.11875	1.6169619954146917
0.11875	1.5739477848448358
0.11875	1.5519385568199524
0.11875	1.487321328720914
0.11875	1.469341533080119
0.11875	1.3748219310995649
0.11875	1.3324396464285153
0.11875	1.3028103402538178
0.11875	1.261082767680759
0.11875	1.2079812568298598
0.11875	-0.18881669422685388
0.11875	-0.4018994736874323
0.11875	-0.5311299617433528
0.11875	-0.8884996465765008
0.11875	-1.3183918857828354
0.11875	-1.5775856737010003
0.11875	-1.7644999865929696
0.11875	-2.0893948193308964
0.125	3.1374334815232574
0.125	2.9079245341640028
0.125	2.881256407968785
0.125	2.8606326537467934
0.125	2.747278761907561
0.125	2.6969418431493613
0.125	2.657422096808902
0.125	2.642496280886573
0.125	2.5989692884043296
0.125	2.5421559352836534
0.125	2.5226940156857567
0.125	2.4861112672253416
0.125	2.470775131223295
0.125	2.443202929969063
0.125	2.4107947849488562
0.125	2.381266407581912
0.125	2.372537707249745
0.125	2.316047572462321
0.125	2.301658370044262
0.125	2.2760644995868398
0.125	2.260509273242782
0.125	2.2277931468925436
0.125	2.2139432014759715
0.125	2.1987882015818245
0.125	2.166614671420379
0.125	2.1538517306772
0.125	2.128545792425427
0.125	2.1116878276404907
0.125	2.075934971733261
0.125	2.046513286844718
0.125	2.028954863544461
0.125	1.9952968636465365
0.125	1.9831559116065884
0.125	1.9567174879674056
0.125	1.9298702406297978
0.125	1.9114111017042532
0.125	1.8858838032014638
0.125	1.8648352616105803
0.125	1.8444594764069075
0.125	1.8047521762277918
0.125	1.7879179066266788
0.125	1.7499974219081171
0.125	1.7286296244259998
0.125	1.6858971723093905
0.125	1.6485410061987777
0.125	1.633841764537088
0.125	1.5986518028804717
0.125	1.554139707342642
0.125	1.5303687740484435
0.125	1.463327930592613
0.125	1.443923874491889
0.125	1.3440167998235786
0.125	1.2995106364470048
0.125	1.2684437080784168
0.125	1.2234449897899935
0.125	1.1679242074247471
0.125	-0.16808713522451887
0.125	-0.39038939169460735
0.125	-0.5280356443900971
0.125	-0.8820470067273316
0.125	-1.316043838968316
0.125	-1.573082703182209
0.125	-1.7678474760282523
0.125	-2.099990253906014
0.13125	2.955226740609805
0.13125	2.9270417563643103
0.13125	2.9066110896672126
0.13125	2.786579774630508
0.13125	2.7333456038091017
0.13125	2.6918113421000487
0.13125	2.6768806148988658
0.13125	2.63044108036457
0.13125	2.5713910856536186
0.13125	2.550789426209387
0.13125	2.512144938817515
0.13125	2.495067488117581
0.13125	2.4669712892494973
0.13125	2.433264777166546
0.13125	2.402787905297024
0.13125	2.393095717565818
0.13125	2.3341659201196214
0.13125	2.318246677991854
0.13125	2.291071839966881
0.13125	2.2750522013878185
0.13125	2.2414216199321615
0.13125	2.2258651682288066
0.13125	2.2105104756431486
0.13125	2.1768170778223044
0.13125	2.1638135755756966
0.13125	2.1363314714955375
0.13125	2.1197684941752444
0.13125	2.0817110965912344
0.13125	2.049431951152347
0.13125	2.0319083225498944
0.13125	1.9966925101887496
0.13125	1.9837771886193556
0.13125	1.95593037158683
0.13125	1.928634983587436
0.13125	1.908691095623593
0.13125	1.8820424970613534
0.13125	1.8597484071816757
0.13125	1.8383660943865459
0.13125	1.7970961319844179
0.13125	1.7785050523063455
0.13125	1.738656096043997
0.13125	1.7166106107210486
0.13125	1.6719851606067806
0.13125	1.6324927504615976
0.13125	1.6177996402726538
0.13125	1.5803380823185218
0.13125	1.5344422512847915
0.13125	1.5088065748042427
0.13125	1.439492703236379
0.13125	1.41856016750387
0.13125	1.3133164362558278
0.13125	1.2666610281254507
0.13125	1.2341720350510994
0.13125	1.1857632590735108
0.13125	1.1278480751044837
0.13125	-0.1473737440874574
0.13125	-0.37883265257073473
0.13125	-0.5252874906542025
0.13125	-0.8754909773285162
0.13125	-1.3136123327569549
0.13125	-1.5687062960124256
0.13125	-1.7710574171557276
0.13125	-2.110291827500466
0.13125	-3.0865275475073832
0.1375	3.0024632657298147
0.1375	2.9728117177734794
0.1375	2.9525974391617877
0.1375	2.8258886627016047
0.1375	2.7696917557811296
0.1375	2.726185319363693
0.1375	2.711246150858012
0.1375	2.661842397296224
0.1375	2.600671100765627
0.1375	2.5788831440612787
0.1375	2.538169763384794
0.1375	2.5191787291940417
0.1375	2.49069802122595
0.1375	2.4557303081062596
0.1375	2.4243739322377125
0.1375	2.413623920504526
0.1375	2.3523303912450615
0.1375	2.3348195216725025
0.1375	2.306021684277378
0.1375	2.2895278526405867
0.1375	2.255081426960136
0.1375	2.237729120595568
0.1375	2.2222186560858077
0.1375	2.187002610422925
0.1375	2.1738270712098613
0.1375	2.1441095174681086
0.1375	2.127864495450924
0.1375	2.087483731686524
0.1375	2.052268144782662
0.1375	2.0348096151442316
0.1375	1.9980818367000923
0.1375	1.9843784612363216
0.1375	1.9550739805363957
0.1375	1.9274386874316771
0.1375	1.9059610602726968
0.1375	1.878246242827738
0.1375	1.854658268564517
0.1375	1.8322864540344588
0.1375	1.7894912444004774
0.1375	1.7690149436419254
0.1375	1.727242559779558
0.1375	1.7045671235427844
0.1375	1.658092629155074
0.1375	1.6164416534643937
0.1375	1.6017846706393561
0.1375	1.5620229883499606
0.1375	1.5148566285334877
0.1375	1.4872556306131166
0.1375	1.415819951068323
0.1375	1.3932524039108094
0.1375	1.2827322167706758
0.1375	1.2339042865554928
0.1375	1.2000025071209672
0.1375	1.1480429404810741
0.1375	1.0877541028808693
0.1375	-0.12671145174958337
0.1375	-0.3672419173643358
0.1375	-0.5228611067372014
0.1375	-0.86883073679389
0.1375	-1.311086297353579
0.1375	-1.5644554613765986
0.1375	-1.774122056930823
0.1375	-2.1202517109475503
0.1375	-3.0274131488719465
0.14375	3.049618779421451
0.14375	3.018572408519223
0.14375	2.998567895105627
0.14375	2.8652045838387155
0.14375	2.8059758585238233
0.14375	2.760551986946684
0.14375	2.745576640296869
0.14375	2.6931688752865974
0.14375	2.6299962524066705
0.14375	2.6069741273654707
0.14375	2.564181901214649
0.14375	2.543104105791674
0.14375	2.514379902968523
0.14375	2.4781881699433628
0.14375	2.4460229265815303
0.14375	2.4341176863014997
0.14375	2.370540784966245
0.14375	2.351380587761262
0.14375	2.320916515515345
0.14375	2.3039281962498084
0.14375	2.2687710343544674
0.14375	2.249535429071957
0.14375	2.23391020019039
0.14375	2.1971709099564882
0.14375	2.183891873281287
0.14375	2.1518889569058928
0.14375	2.1359634777925294
0.14375	2.0932489589891325
0.14375	2.0550289017807697
0.14375	2.037657031698435
0.14375	1.9994674067197218
0.14375	1.9849625030611526
0.14375	1.9541437443785583
0.14375	1.926280943224224
0.14375	1.9032224104282596
0.14375	1.874499539810829
0.14375	1.8495647565650497
0.14375	1.8262257184093247
0.14375	1.7819367507592279
0.14375	1.7594497734320256
0.14375	1.7157568770316522
0.14375	1.6924994550868933
0.14375	1.6442219289179507
0.14375	1.6003965748538118
0.14375	1.5857908573077724
0.14375	1.5437090966457594
0.14375	1.4953834575089051
0.14375	1.465719952738682
0.14375	1.392313556349228
0.14375	1.3680030844513837
0.14375	1.2522751272248314
0.14375	1.201255792308457
0.14375	1.1659420043643625
0.14375	1.110289828047915
0.14375	1.0476435665654753
0.14375	-0.10613195932344263
0.14375	-0.35563150665801674
0.14375	-0.5207347312030356
0.14375	-0.8620660835900387
0.14375	-1.308454942239479
0.14375	-1.5603281758597551
0.14375	-1.7770329381288723
0.14375	-2.129813736276197
0.14375	-2.9684529286235324
0.15	3.096677025627989
0.15	3.0643307543026546
0.15	3.0444960570734523
0.15	2.904526524800954
0.15	2.842193479211822
0.15	2.7949203050151397
0.15	2.779854368386598
0.15	2.724416332738134
0.15	2.659366380719509
0.15	2.635061275004558
0.15	2.590177551818087
0.15	2.5668398547753335
0.15	2.5380133322431195
0.15	2.500634919154569
0.15	2.467733062605512
0.15	2.4545723471068492
0.15	2.388796896178961
0.15	2.367933763060938
0.15	2.3357588662886286
0.15	2.318245163719371
0.15	2.2824889110112108
0.15	2.261284522604391
0.15	2.245582311314652
0.15	2.20732263046025
0.15	2.194006585934983
0.15	2.1596794449933725
0.15	2.144052480743865
0.15	2.0990028419660582
0.15	2.057720950469064
0.15	2.040449382099103
0.15	2.0008520104647807
0.15	1.9855320627989061
0.15	1.9531351872719414
0.15	1.9251614562364183
0.15	1.900476859010487
0.15	1.870806072634998
0.15	1.8444679443513625
0.15	1.820189160749165
0.15	1.7744317596017407
0.15	1.7498118924828858
0.15	1.7041994637392577
0.15	1.6804079011886182
0.15	1.6303753237163596
0.15	1.5843676990104771
0.15	1.5698111794553435
0.15	1.5253994352157083
0.15	1.4760228187641764
0.15	1.444203805134567
0.15	1.3689770647986232
0.15	1.3428151715167698
0.15	1.2219557790900404
0.15	1.1687330155344189
0.15	1.1319970647006825
0.15	1.0725101566805486
0.15	1.0075178132812599
0.15	-0.08566491467898876
0.15	-0.34401657620371345
0.15	-0.5188890265912812
0.15	-0.8551975270774199
0.15	-1.3057078825099018
0.15	-1.556321206035415
0.15	-1.7797807168477187
0.15	-2.1389102098562796
0.15	-2.909702084697821
0.15625	3.110093675628868
0.15625	3.0903532193449403
0.15625	2.9438532825333654
0.15625	2.8783401891783744
0.15625	2.8292996882841996
0.15625	2.8140606632125857
0.15625	2.755580756764509
0.15625	2.688780906402022
0.15625	2.6631433396426076
0.15625	2.616153069517313
0.15625	2.5903833104901532
0.15625	2.5615941749129063
0.15625	2.5230668823471687
0.15625	2.4895022727509954
0.15625	2.474983141002156
0.15625	2.407098509231576
0.15625	2.384483109513048
0.15625	2.3505511329151023
0.15625	2.3324708874940825
0.15625	2.296233513403873
0.15625	2.2729769159782123
0.15625	2.2572319359463084
0.15625	2.217459648905332
0.15625	2.2041684809602438
0.15625	2.167490959270182
0.15625	2.152118304170009
0.15625	2.1047414237586257
0.15625	2.0603506005023866
0.15625	2.043186081930741
0.15625	2.002238673303882
0.15625	1.9860898150805768
0.15625	1.9520440163059292
0.15625	1.9240800665568858
0.15625	1.8977264528248112
0.15625	1.8671685782653096
0.15625	1.8393681707018719
0.15625	1.814182119282049
0.15625	1.7669752729741264
0.15625	1.7401037697536235
0.15625	1.6925711274959123
0.15625	1.668292756770242
0.15625	1.6165550022988933
0.15625	1.568366497707327
0.15625	1.553837647026813
0.15625	1.5070975175121297
0.15625	1.4567742930278202
0.15625	1.4227116335322976
0.15625	1.345813765037871
0.15625	1.3176920510138552
0.15625	1.1917844453859558
0.15625	1.1363556836391417
0.15625	1.0981738642328538
0.15625	1.03471061625132
0.15625	0.9673783115280994
0.15625	-0.06533891610687348
0.15625	-0.33241262855490333
0.15625	-0.5173067272569019
0.15625	-0.8482263968442167
0.15625	-1.302835264689399
0.15625	-1.5524299197835587
0.15625	-1.7823549422550593
0.15625	-2.14745718149245
0.15625	-2.8512312099602224
0.15625	-3.139564458280737
0.1625	3.1361090170394825
0.1625	2.983183443939937
0.1625	2.914411558307684
0.1625	2.8636991755353676
0.1625	2.8481766807608997
0.1625	2.7866582900391186
0.1625	2.718238845054164
0.1625	2.6912188385920266
0.1625	2.6421050420554346
0.1625	2.613733097353919
0.1625	2.585117567930872
0.1625	2.545480165642398
0.1625	2.511328255042802
0.1625	2.4953451637422313
0.1625	2.4254453916706376
0.1625	2.40103283177243
0.1625	2.3652953833878594
0.1625	2.346597957651171
0.1625	2.3100032677330953
0.1625	2.2846132398546812
0.1625	2.2688557614518126
0.1625	2.2275853172752176
0.1625	2.214373173226713
0.1625	2.1753333157499646
0.1625	2.160148044825026
0.1625	2.110460732780448
0.1625	2.062923632769473
0.1625	2.045867232285259
0.1625	2.0036306605915506
0.1625	1.9866383097459497
0.1625	1.9508662163079846
0.1625	1.9230367682239813
0.1625	1.894973614749542
0.1625	1.863588726098468
0.1625	1.834266126058517
0.1625	1.8082099526850075
0.1625	1.7595661924191561
0.1625	1.7303279683601651
0.1625	1.6808731116697702
0.1625	1.6561543086861534
0.1625	1.602763089859001
0.1625	1.5524055642560124
0.1625	1.53786148391794
0.1625	1.4888073772975374
0.1625	1.4376369834482619
0.1625	1.4012480093810225
0.1625	1.3228267597123948
0.1625	1.2926375060494562
0.1625	1.1617711171722727
0.1625	1.1041459393803519
0.1625	1.064478223547117
0.1625	0.99689836947886
0.1625	0.9272267162886383
0.1625	-0.04518240703557875
0.1625	-0.3208352478943146
0.1625	-0.5159721985760486
0.1625	-0.84115497676139
0.1625	-1.2998278857132217
0.1625	-1.5486480901431936
0.1625	-1.784743786850138
0.1625	-2.155347230309663
0.1625	-2.793133206376711
0.1625	-3.0927530390602422
0.1625	-3.127318567860262
0.16875	3.0225153634920896
0.16875	2.9504031473542085
0.16875	2.8981263870531593
0.16875	2.8821843928076274
0.16875	2.817645218219254
0.16875	2.747738822028145
0.16875	2.7192859642725287
0.16875	2.6680303419767255
0.16875	2.6368894059166057
0.16875	2.608577665428297
0.16875	2.567870667847372
0.16875	2.5332084671842465
0.16875	2.5156533258054306
0.16875	2.443837287947377
0.16875	2.417587237127778
0.16875	2.379993179411216
0.16875	2.360619677417544
0.16875	2.3237965475440507
0.16875	2.296194274754566
0.16875	2.280450213730056
0.16875	2.237704755522727
0.16875	2.224614256165214
0.16875	2.183215513548483
0.16875	2.1681297944453863
0.16875	2.116156795373798
0.16875	2.06544520058956
0.16875	2.0484936860810614
0.16875	2.0050314784139065
0.16875	1.9871799206312686
0.16875	1.9495981498585029
0.16875	1.9220317260760458
0.16875	1.8922211920885126
0.16875	1.8600670132426604
0.16875	1.8291629191478063
0.16875	1.8022779968417058
0.16875	1.752203315384389
0.16875	1.7204871315040278
0.16875	1.6691071447288135
0.16875	1.6439928252740525
0.16875	1.5890016587263023
0.16875	1.5364982764831503
0.16875	1.5218734839616235
0.16875	1.470533605091004
0.16875	1.418609524509214
0.16875	1.3798175869946654
0.16875	1.3000190276318513
0.16875	1.267655703795964
0.16875	1.1319255820297407
0.16875	1.0721284857122722
0.16875	1.030915651559326
0.16875	0.9590810759829466
0.16875	0.8870649542967635
0.16875	-0.02522451873384659
0.16875	-0.3092999798353691
0.16875	-0.5148709382185059
0.16875	-0.8339866714325601
0.16875	-1.2966772984314416
0.16875	-1.5449676951562212
0.16875	-1.7869337104652308
0.16875	-2.1624381565300044
0.16875	-2.7355342049826
0.16875	-3.046092676309927
0.16875	-3.0815330876708935
0.16875	-3.1014528950504245
0.175	3.061847137687978
0.175	2.986310498268188
0.175	2.9325864456499278
0.175	2.9160676000714894
0.175	2.8485379580497847
0.175	2.7772790865566974
0.175	2.7473424955161385
0.175	2.693926158203178
0.175	2.6598543604817406
0.175	2.6319673130383374
0.175	2.5902340975837337
0.175	2.555140108497858
0.175	2.535902312436785
0.175	2.4622739130221034
0.175	2.434150688073604
0.175	2.3946454336077623
0.175	2.374530297174873
0.175	2.3376116451521014
0.175	2.30772099024309
0.175	2.2920114539209195
0.175	2.247825167892532
0.175	2.234882916836126
0.175	2.1911449752397223
0.175	2.1760534306029258
0.175	2.1218256550706784
0.175	2.0679197507041023
0.175	2.051067093733714
0.175	2.006444869793635
0.175	1.9877167950069485
0.175	1.9482366611588904
0.175	1.9210652892510929
0.175	1.889472510049447
0.175	1.8566026761984626
0.175	1.8240601236110054
0.175	1.7963915233476087
0.175	1.7448853265969542
0.175	1.7105839743579807
0.175	1.6572754955007216
0.175	1.6318085418686383
0.175	1.5752727378958058
0.175	1.5206582699938347
0.175	1.5058645583574133
0.175	1.4522813857539039
0.175	1.3996900802630388
0.175	1.358425072214978
0.175	1.2773934772181974
0.175	1.2427511960608812
0.175	1.102257526881795
0.175	1.0403307135305806
0.175	0.9974914403643703
0.175	0.9212669257822212
0.175	0.8468953367679382
0.175	-0.005495914820876529
0.175	-0.2978223039046026
0.175	-0.5139890317958565
0.175	-0.82672621447467
0.175	-1.2933758968609794
0.175	-1.5413787161640815
0.175	-1.7889090334002429
0.175	-2.16853476488627
0.175	-2.6786112747586284
0.175	-2.9996024075327963
0.175	-3.035738653588614
0.175	-3.0559924815954913
0.18125	3.101176575041742
0.18125	3.022129122487576
0.18125	2.9670810981452713
0.18125	2.9498127311844606
0.18125	2.879333046210276
0.18125	2.8068575241649656
0.18125	2.7753857102959087
0.18125	2.719790012968806
0.18125	2.6826324900929923
0.18125	2.655277634370579
0.18125	2.612565994448771
0.18125	2.577120090256225
0.18125	2.5560865445833714
0.18125	2.4807549457260576
0.18125	2.450727548267822
0.18125	2.4092523196623
0.18125	2.388325209601867
0.18125	2.351446734974539
0.18125	2.319194590379161
0.18125	2.303535373255088
0.18125	2.257956134115052
0.18125	2.2451675807054796
0.18125	2.1991268182922807
0.18125	2.183911363863704
0.18125	2.1274633979515714
0.18125	2.070350971423599
0.18125	2.0535899221808354
0.18125	2.0078748059041778
0.18125	1.9882508049668828
0.18125	1.9467791824757523
0.18125	1.9201379999379669
0.18125	1.8867314283731174
0.18125	1.8531936198616308
0.18125	1.818959805465905
0.18125	1.7905557000919852
0.18125	1.737610787481187
0.18125	1.7006212795057807
0.18125	1.6453810351021354
0.18125	1.6196016415142798
0.18125	1.5615783211307488
0.18125	1.5048987532839224
0.18125	1.4898264430271115
0.18125	1.4340565364296054
0.18125	1.380876334794708
0.18125	1.3370752011320133
0.18125	1.2549529920504925
0.18125	1.2179289337153607
0.18125	1.0727766692610192
0.18125	1.0087828092913533
0.18125	0.9642108258912351
0.18125	0.8834646873297602
0.18125	0.8067207107486474
0.18125	0.01397030667507892
0.18125	-0.28641766503505905
0.18125	-0.5133125619119079
0.18125	-0.8193799303065533
0.18125	-1.2899169747365231
0.18125	-1.5378689355266173
0.18125	-1.7906513814513236
0.18125	-2.1733587965563146
0.18125	-2.622621822855216
0.18125	-2.9533011605327406
0.18125	-2.9899471741749677
0.18125	-3.010724288563458
0.1875	3.1405011598938817
0.1875	3.0578544872757734
0.1875	3.0016082369499313
0.1875	2.983409224787648
0.1875	2.9100271289743977
0.1875	2.8364716667619922
0.1875	2.803412299990993
0.1875	2.7456197676453193
0.1875	2.7052313142779623
0.1875	2.678497516377991
0.1875	2.634861754270542
0.1875	2.5991449944409086
0.1875	2.5762001390618474
0.1875	2.4992800218173814
0.1875	2.4673221232276674
0.1875	2.4238132463159654
0.1875	2.4020010954221713
0.1875	2.3652998265901966
0.1875	2.3306165664090015
0.1875	2.315017585354628
0.1875	2.268109776118559
0.1875	2.25545368678815
0.1875	2.2071633305351526
0.1875	2.1916990678805632
0.1875	2.1330661835600324
0.1875	2.072741772984243
0.1875	2.056065443587386
0.1875	2.009325471870246
0.1875	1.9887835022384277
0.1875	1.9452238423000272
0.1875	1.919250595555641
0.1875	1.8840023978681186
0.1875	1.8498363651061376
0.1875	1.8138645333044656
0.1875	1.7847755542328543
0.1875	1.7303781256926185
0.1875	1.6906018945388346
0.1875	1.6334273062446159
0.1875	1.6073722302475741
0.1875	1.5479203734118545
0.1875	1.4892317627633713
0.1875	1.4737524679755123
0.1875	1.4158655437197776
0.1875	1.3621654779547216
0.1875	1.315772727788616
0.1875	1.2327004696874984
0.1875	1.1931942952187427
0.1875	1.0434929236168424
0.1875	0.9775178416979073
0.1875	0.9310792297131459
0.1875	0.8456837776556126
0.1875	0.7665446664371464
0.1875	0.03313758972769533
0.1875	-0.275101543263357
0.1875	-0.5128269597554325
0.1875	-0.8119560636809646
0.1875	-1.2862947512480556
0.1875	-1.5344237324759855
0.1875	-1.7921389446416969
0.1875	-2.17649855737157
0.1875	-2.567953085930508
0.1875	-2.9072069385719073
0.1875	-2.9441816815446775
0.1875	-2.9656761058658794
0.19375	3.0934820000868934
0.19375	3.0361618881572885
0.19375	3.016849424332735
0.19375	2.940616952736481
0.19375	2.8661186999612536
0.19375	2.831418284702003
0.19375	2.771413619714107
0.19375	2.7276620444624777
0.19375	2.7016129924451286
0.19375	2.6571166583928663
0.19375	2.621211020199587
0.19375	2.5962368665977964
0.19375	2.51784872658635
0.19375	2.4839385975176236
0.19375	2.4383268970261907
0.19375	2.4155560182170936
0.19375	2.379168704782566
0.19375	2.341988757250803
0.19375	2.326453415535059
0.19375	2.2783006344498262
0.19375	2.265723759630715
0.19375	2.215253793021516
0.19375	2.199415249098944
0.19375	2.138630280650399
0.19375	2.075094301907299
0.19375	2.0584976931530563
0.19375	2.0108012466555962
0.19375	1.9893160779037196
0.19375	1.9435695750779605
0.19375	1.918404001741096
0.19375	1.881290511967518
0.19375	1.8465260172342997
0.19375	1.8087773736188815
0.19375	1.7790559377744803
0.19375	1.7231856261315623
0.19375	1.6805287310395696
0.19375	1.621418600399329
0.19375	1.595120306460809
0.19375	1.5343008355113923
0.19375	1.4736675086738582
0.19375	1.4576382376457202
0.19375	1.39771559842134
0.19375	1.3435541896196461
0.19375	1.2945224201393206
0.19375	1.2106388549081175
0.19375	1.1685531296807858
0.19375	1.014416612877237
0.19375	0.9465718303065157
0.19375	0.8981025968993209
0.19375	0.80793436617193
0.19375	0.7263718283750946
0.19375	0.051964694020593984
0.19375	-0.2638895497334351
0.19375	-0.512516281074425
0.19375	-0.8044651942791153
0.19375	-1.2825043585512015
0.19375	-1.531025872732169
0.19375	-1.7933454551428987
0.19375	-2.177325400375716
0.19375	-2.51520449123955
0.19375	-2.861335533597037
0.19375	-2.898478799821278
0.19375	-2.920875430306649
0.19375	-3.103367299484098
0.2	3.1290069909707365
0.2	3.0707325751252337
0.2	3.050128071602384
0.2	2.9710993554631493
0.2	2.895795467421415
0.2	2.859398928761078
0.2	2.7971700923609286
0.2	2.7499403717218467
0.2	2.724606553688483
0.2	2.679325906898046
0.2	2.643313916681556
0.2	2.616190106732098
0.2	2.5364605868584977
0.2	2.5005809705873903
0.2	2.452791328408387
0.2	2.428989475825328
0.2	2.3930508531612382
0.2	2.3533134177026724
0.2	2.3378378873113395
0.2	2.2885450372878666
0.2	2.275957995512405
0.2	2.223394695990905
0.2	2.2070616111693395
0.2	2.144152107020995
0.2	2.07740998763412
0.2	2.060891398854445
0.2	2.0123066765396085
0.2	1.989849328601104
0.2	1.941816233767911
0.2	1.9175993123381074
0.2	1.878601546498039
0.2	1.8432562593721078
0.2	1.8037018738414041
0.2	1.7734014960151874
0.2	1.716031424374166
0.2	1.6704047646051414
0.2	1.6093600429989317
0.2	1.5828457242488982
0.2	1.5207216264846533
0.2	1.4582139658457287
0.2	1.4414820683548872
0.2	1.3796146255772332
0.2	1.3250386260773812
0.2	1.2733290639381247
0.2	1.1887711685781726
0.2	1.1440118154560912
0.2	0.9855587408819033
0.2	0.9159838039142851
0.2	0.8652878438763887
0.2	0.770227530175602
0.2	0.6862082770780992
0.2	0.07040415372608523
0.2	-0.25279754344630345
0.2	-0.5123623823298608
0.2	-0.796920757057358
0.2	-1.2785417861715622
0.2	-1.5276552835031427
0.2	-1.794238724735511
0.2	-2.1748655635494556
0.2	-2.4653143198880727
0.2	-2.8156985855868903
0.2	-2.8528910511459307
0.2	-2.876352253346333
0.2	-3.064061498584032
0.20625	3.1053078693313725
0.20625	3.08324158073579
0.20625	3.001471259204679
0.20625	2.9254984720594965
0.20625	2.887348655131984
0.20625	2.8228880176592654
0.20625	2.772087245735398
0.20625	2.7474564859390043
0.20625	2.7014846556583145
0.20625	2.6654489002022177
0.20625	2.6360527989502454
0.20625	2.555115062231419
0.20625	2.517252993664008
0.20625	2.4672041140309373
0.20625	2.4423024231292554
0.20625	2.4069433570699332
0.20625	2.364593293292109
0.20625	2.3491657073226486
0.20625	2.298859779024911
0.20625	2.2861355457486083
0.20625	2.2315802738791493
0.20625	2.2146422895226348
0.20625	2.149628272533594
0.20625	2.0796896165995173
0.20625	2.0632518889129576
0.20625	2.013846441702178
0.20625	1.9903836307310325
0.20625	1.9399647089392504
0.20625	1.9168377504781637
0.20625	1.8759419789251706
0.20625	1.8400193769686022
0.20625	1.7986420354894
0.20625	1.7678166391608674
0.20625	1.7089135031891034
0.20625	1.6602330358542128
0.20625	1.597257686292767
0.20625	1.5705481512694228
0.20625	1.5071846439839418
0.20625	1.4428768009288306
0.20625	1.4252850912217057
0.20625	1.3615713069842144
0.20625	1.3066144126202786
0.20625	1.25219747467507
0.20625	1.1671005332469795
0.20625	1.1195773359787715
0.20625	0.956931349280961
0.20625	0.8857958616897939
0.20625	0.8326434299642703
0.20625	0.7325754908865865
0.20625	0.6460621818458272
0.20625	0.08840025455024826
0.20625	-0.24184176792878467
0.20625	-0.5123439682335227
0.20625	-0.7893396921261733
0.20625	-1.274403777707478
0.20625	-1.5242887999072823
0.20625	-1.794778459083847
0.20625	-2.167653850362266
0.20625	-2.4197041437330524
0.20625	-2.7703008347747735
0.20625	-2.807489130684801
0.20625	-2.832143834897265
0.20625	-3.024770552385416
0.20625	-3.118760614055009
0.2125	3.1398729354246524
0.2125	3.1161872774530353
0.2125	3.0317296637010993
0.2125	2.9552238741151644
0.2125	2.9152609570757537
0.2125	2.848566513919179
0.2125	2.794129430879239
0.2125	2.770136449332185
0.2125	2.7235880570178685
0.2125	2.6876105530088252
0.2125	2.655817389617792
0.2125	2.5738115352672613
0.2125	2.5339581100306874
0.2125	2.4815625169175775
0.2125	2.4554972852160493
0.2125	2.420842780226742
0.2125	2.3758316990346713
0.2125	2.3604312513006653
0.2125	2.3092601290029866
0.2125	2.29623647592535
0.2125	2.2398032056806163
0.2125	2.2221631114942935
0.2125	2.1550556242910504
0.2125	2.0819334266809477
0.2125	2.065584984647153
0.2125	2.0154253154000425
0.2125	1.990918923991608
0.2125	1.938017062301998
0.2125	1.9161206008846279
0.2125	1.8733189764102376
0.2125	1.8368063216273172
0.2125	1.7936022793569963
0.2125	1.7623055173988669
0.2125	1.7018296925550036
0.2125	1.6500166523708715
0.2125	1.5851186085078488
0.2125	1.5582270225230128
0.2125	1.4936917621989745
0.2125	1.427659626414906
0.2125	1.4090510301730472
0.2125	1.3435950925280322
0.2125	1.288276646817758
0.2125	1.2311325179981034
0.2125	1.1456301965483116
0.2125	1.0952573754197144
0.2125	0.9285479943250008
0.2125	0.8560532528505045
0.2125	0.80018006813407
0.2125	0.6949919773353486
0.2125	0.6059447908323202
0.2125	0.10588626409206868
0.2125	-0.23103901125436005
0.2125	-0.5124354789242752
0.2125	-0.7817432503911612
0.2125	-1.270087675074946
0.2125	-1.5208998613787057
0.2125	-1.7949128225294149
0.2125	-2.153750386896039
0.2125	-2.3802598740447802
0.2125	-2.725136610752029
0.2125	-2.7623638908948016
0.2125	-2.7883021466915356
0.2125	-2.9854988620362066
0.2125	-3.083455085617245
0.21875	3.0618716413423526
0.21875	2.9849674860274726
0.21875	2.9431283051928347
0.21875	2.8742049576241953
0.21875	2.8160994543282407
0.21875	2.7926156893956438
0.21875	2.7456313040312113
0.21875	2.7097927002839346
0.21875	2.6754757748067917
0.21875	2.5925493003625206
0.21875	2.550699400960662
0.21875	2.4958636742788745
0.21875	2.4685779815127304
0.21875	2.4347450082161317
0.21875	2.38703259738353
0.21875	2.371628555706419
0.21875	2.319757556931722
0.21875	2.3062440139700175
0.21875	2.24805531884116
0.21875	2.229630846121808
0.21875	2.160431292924374
0.21875	2.084141214199482
0.21875	2.067896887055274
0.21875	2.0170481154187048
0.21875	1.991454705404677
0.21875	1.9359766905020932
0.21875	1.915449096318607
0.21875	1.8707403410934922
0.21875	1.8336068239815193
0.21875	1.7885874042197836
0.21875	1.756871999856494
0.21875	1.6947776735476228
0.21875	1.6397587917370815
0.21875	1.5729510167492473
0.21875	1.5458814928430467
0.21875	1.4802448274055657
0.21875	1.4125644836471156
0.21875	1.392785752872232
0.21875	1.325696196193765
0.21875	1.2700199175183486
0.21875	1.2101391395795844
0.21875	1.1243635533892324
0.21875	1.0710604379939965
0.21875	0.9004243975343962
0.21875	0.8268044875485372
0.21875	0.7679115977764115
0.21875	0.6574927986878155
0.21875	0.5658720566367099
0.21875	0.12278046644661837
0.21875	-0.22040679723601936
0.21875	-0.512605784970908
0.21875	-0.7741579807327205
0.21875	-1.2655912043431607
0.21875	-1.5174581255768647
0.21875	-1.794572715494087
0.21875	-2.131348552495789
0.21875	-2.348721750949516
0.21875	-2.6801861584211735
0.21875	-2.717626550852297
0.21875	-2.744905501107305
0.21875	-2.94625154982901
0.21875	-3.048266757039812
0.21875	-3.1087743712590328
0.21875	-3.1342225797675756
0.225	3.09189433366333
0.225	3.014724764228651
0.225	2.970942047756759
0.225	2.8998029502179676
0.225	2.83803440255637
0.225	2.814860427160994
0.225	2.7676096781469877
0.225	2.7319882613991786
0.225	2.695019239487831
0.225	2.6113275509307456
0.225	2.567479539176792
0.225	2.510104780558611
0.225	2.481549980853732
0.225	2.448645050313198
0.225	2.3982006681331085
0.225	2.382751321900074
0.225	2.330357876645326
0.225	2.3161463847885857
0.225	2.256328182331955
0.225	2.237052560321174
0.225	2.165752738885348
0.225	2.0863124461032347
0.225	2.070194064680617
0.225	2.0187196476530826
0.225	1.9919900346174877
0.225	1.9338485500717406
0.225	1.9148242265037043
0.225	1.8682144013592148
0.225	1.8304095652935621
0.225	1.7836025399432665
0.225	1.751519657885278
0.225	1.6877549863404875
0.225	1.6294627057393942
0.225	1.5607643492890095
0.225	1.5335103927046478
0.225	1.4668456510911265
0.225	1.397592420947087
0.225	1.3764967284284693
0.225	1.3078855721687628
0.225	1.251838344834179
0.225	1.1892224058302105
0.225	1.1033041680210693
0.225	1.0469959963025974
0.225	0.8725793526352268
0.225	0.7981014762419301
0.225	0.735856057297851
0.225	0.6200967674101362
0.225	0.5258674590916692
0.225	0.13898018259631803
0.225	-0.20996362126259266
0.225	-0.5128166642352592
0.225	-0.7666169187336551
0.225	-1.2609121946604214
0.225	-1.513928950150959
0.225	-1.793661581793435
0.225	-2.1000177708408274
0.225	-2.325441028039318
0.225	-2.6354134882935116
0.225	-2.673403309848825
0.225	-2.702077271988534
0.225	-2.9070346340145363
0.225	-3.0132008199972384
0.225	-3.0742820745593806
0.225	-3.1016201044780676
0.23125	3.121794949651982
0.23125	3.0444907976848303
0.23125	2.9986923019249163
0.23125	2.9253602797755325
0.23125	2.859973062887458
0.23125	2.836836935390016
0.23125	2.7895186001878294
0.23125	2.754189070974421
0.23125	2.7144383941175434
0.23125	2.63014536426653
0.23125	2.5843007511233553
0.23125	2.524283258625054
0.23125	2.4944204054863657
0.23125	2.462536789536724
0.23125	2.409341360526585
0.23125	2.3937929417397514
0.23125	2.341060458290875
0.23125	2.325937580798299
0.23125	2.264613539305998
0.23125	2.244435133301943
0.23125	2.171017797497785
0.23125	2.0884463714768007
0.23125	2.0724831484129203
0.23125	2.0204446418875164
0.23125	1.9925235506605388
0.23125	1.9316395052710138
0.23125	1.914246407488521
0.23125	1.8657498403189992
0.23125	1.8272024150342578
0.23125	1.7786530953037614
0.23125	1.7462517531035082
0.23125	1.6807590424094148
0.23125	1.6191317257680244
0.23125	1.548569370600194
0.23125	1.5211121940467558
0.23125	1.4534960006119118
0.23125	1.382744050700099
0.23125	1.360192507874502
0.23125	1.2901748662930537
0.23125	1.2337256462462352
0.23125	1.1683875573636693
0.23125	1.0824557969504813
0.23125	1.0230746760498164
0.23125	0.8450360163207247
0.23125	0.7699996573168014
0.23125	0.7040370209571932
0.23125	0.5828272362027783
0.23125	0.4859672413136712
0.23125	0.15435215528643378
0.23125	-0.19972925275595194
0.23125	-0.5130210513737643
0.23125	-0.7591609808307329
0.23125	-1.25604821739855
0.23125	-1.510272664663211
0.23125	-1.7920358091699864
0.23125	-2.0612478927490834
0.23125	-2.3088409002999226
0.23125	-2.59076880039277
0.23125	-2.629817509636411
0.23125	-2.660016224577173
0.23125	-2.8678552736973364
0.23125	-2.978262657014755
0.23125	-3.0398559334469275
0.23125	-3.0691940276808185
0.2375	3.074260293381118
0.2375	3.026367833554625
0.2375	2.950876877695547
0.2375	2.8819514081443716
0.2375	2.8585163064084855
0.2375	2.8113536845472678
0.2375	2.7763856655567536
0.2375	2.7337231106134663
0.2375	2.649001683579704
0.2375	2.6011647889521927
0.2375	2.538396913263763
0.2375	2.507198199439909
0.2375	2.476412670427604
0.2375	2.4204609163563116
0.2375	2.4047465549328133
0.2375	2.351858680032747
0.2375	2.335616897480494
0.2375	2.27290358151129
0.2375	2.2517849296399257
0.2375	2.1762247218205406
0.2375	2.090542129010945
0.2375	2.074770836552496
0.2375	2.0222276804719828
0.2375	1.9930535000711507
0.2375	1.929358928301039
0.2375	1.9137148827420989
0.2375	1.8633554582912721
0.2375	1.8239727368730947
0.2375	1.7737447005944436
0.2375	1.741071230830871
0.2375	1.6737871411648015
0.2375	1.6087692695928901
0.2375	1.536378250240055
0.2375	1.508684995528396
0.2375	1.4401975876337665
0.2375	1.368020015442947
0.2375	1.3438822976105569
0.2375	1.2725763388887728
0.2375	1.2156752334886853
0.2375	1.1476400780168357
0.2375	1.0618224140166996
0.2375	0.9993084874774268
0.2375	0.8178237823002629
0.2375	0.7425579971948045
0.2375	0.6724853056696347
0.2375	0.5457147598162959
0.2375	0.4462309237701287
0.2375	0.16871575480432766
0.2375	-0.18972513935708069
0.2375	-0.5131610854285845
0.2375	-0.7518405331108868
0.2375	-1.250996124814553
0.2375	-1.50644350521232
0.2375	-1.7894636144631053
0.2375	-2.0174908974814194
0.2375	-2.2963982070889855
0.2375	-2.54619882571106
0.2375	-2.5869517747706197
0.2375	-2.6190426219103187
0.2375	-2.828722120631571
0.2375	-2.943457866795352
0.2375	-3.005518427390532
0.2375	-3.0369487763271503
0.2375	-3.13161454080343
