0,-3.1380440780151204,1.0841103155726286
1,-3.1300743386473746,0.7664662800941275
2,-3.113272292912744,1.0321820887836128
3,-3.1078599680136545,0.545361013497668
4,-3.106500735829428,0.7488704464176912
5,-3.069448855976823,0.7547283775793908
6,-3.0143569006338806,0.9638444778694062
7,-2.993444673218445,0.9294647963593219
8,-2.9702820409295,0.5760464520985079
9,-2.9466709444664505,0.720695309202846
10,-2.9178652205458113,0.8013919651143289
11,-2.907772334535994,1.0523860763900699
12,-2.8877636325525593,0.7685127180841584
13,-2.853860747771899,1.067839824113871
14,-2.831311745086768,0.6099013319348306
15,-2.8067481287668725,1.017315314397918
16,-2.7907011558563313,0.9634316089601193
17,-2.779935898953013,1.1141357636473004
18,-2.7757153277563384,0.9967719502258474
19,-2.7582049432240505,1.0027002911502403
20,-2.716130296482686,0.9964906125551318
21,-2.7091423301966002,1.1005922083831805
22,-2.696416412205179,0.8888308960683722
23,-2.6633502174608026,1.0463884648595037
24,-2.6546288606669872,0.8076690149278711
25,-2.638626342052122,0.9582810193516034
26,-2.561290701829293,1.1481205909431695
27,-2.5091641723086617,0.5167457499853665
28,-2.4901306693081144,0.5748947048070919
29,-2.478745400608401,0.9069860032231284
30,-2.446779218004368,1.099141411018389
31,-2.4213511844306574,1.1652428430380635
32,-2.4088058560965013,0.7967946257550331
33,-2.395805675221843,1.033473874859285
34,-2.3784975328550155,0.7972269981626599
35,-2.336579337831605,0.8113539654857256
36,-2.324449704450873,1.11646533210067
37,-2.317001953178957,0.9399238982702325
38,-2.2702522729276953,0.5917508414147536
39,-2.2429709452032265,1.1596601902401975
40,-2.1931643074424203,0.9448616966597103
41,-2.1591611173347287,0.8714236942735193
42,-2.121943847581817,1.0330707720842123
43,-2.0915773212277786,0.690026344048735
44,-2.0704930471882452,0.739709550118561
45,-2.0380182940541203,0.9717560806488714
46,-2.003684138107808,0.9453790830086549
47,-1.9699639776789863,0.7341901160873971
48,-1.9603374351479426,0.6012481898281963
49,-1.9427443023377498,0.9620727283490114
50,-1.929949812597321,1.0144155970436028
51,-1.9034486830298196,1.0508847261385919
52,-1.895220123050318,0.9662209095261041
53,-1.8803390057790577,0.8942938208613247
54,-1.8755413199027153,0.6041711831741708
55,-1.8507105165675155,1.0320659831019343
56,-1.807004927300555,1.1164866909437654
57,-1.7669887588984652,1.0295346430921994
58,-1.7275551683213533,1.0802053642499365
59,-1.7218087639817554,0.8618926826685929
60,-1.7060765156055844,0.9265788149522949
61,-1.6784067031470178,1.1477347887467295
62,-1.6628784816352378,0.6972711525849861
63,-1.644996810214322,1.1437237622984961
64,-1.6237613315476012,0.6747197374113991
65,-1.621334503420609,0.7928001548808797
66,-1.6047050874108884,0.7792918742820039
67,-1.5894492723073512,0.9924315313926109
68,-1.5825822513921655,1.0251965494378301
69,-1.5379329027844657,0.7213769220445405
70,-1.5156555697164549,1.1136604142070137
71,-1.498608935750111,0.7675224240074117
72,-1.4572926900180203,0.9554419193312619
73,-1.4496007700416018,0.8806577680651995
74,-1.4066778414894898,1.0693910153831623
75,-1.3935509757455653,1.1065249235210648
76,-1.3887341285225023,0.9227376464567212
77,-1.3764969462010976,0.6714186245443757
78,-1.3516612281118174,0.9232828708600381
79,-1.3380426160025682,0.9170093910960526
80,-1.2999476247283688,1.1668063612501456
81,-1.2726243057091404,1.2306566122724256
82,-1.2450789073921311,0.5616691681707002
83,-1.2252873265443225,0.6604835843678374
84,-1.2136158461825344,1.1308649350879791
85,-1.1903165350259135,0.7844266094837931
86,-1.1868164905196348,0.8131214579429434
87,-1.1552304628641774,0.7563439510974157
88,-1.1417803963017539,0.6196098512298152
89,-1.0951879333614516,0.7539846258488642
90,-1.0406801722990413,0.537177067250733
91,-1.0105534629829827,0.7329231934051524
92,-0.9598948025911906,0.7245587833206573
93,-0.9395419632082662,1.0584309631332542
94,-0.9345192272621093,0.8260251107450177
95,-0.9073798679219166,0.968380493842212
96,-0.8853191842134809,0.8995756110426074
97,-0.863676086069579,1.0108013013061927
98,-0.8478293831387334,0.7937678358684174
99,-0.8176214403639267,0.6887427382336654
100,-0.779560860485328,0.8299949708260352
101,-0.7660124851723242,1.2552654040271884
102,-0.7519738994999104,0.774243726390279
103,-0.7333472350271536,0.9550622186545892
104,-0.7066494993743672,1.2050385449941294
105,-0.684315332935585,1.0632076222295337
106,-0.6729132788433938,0.8891089667780362
107,-0.6490341985288154,1.0770599718983984
108,-0.6365474280564719,0.7020694188128589
109,-0.5697361012665949,1.1907068625861177
110,-0.5452516669342645,0.9591594566015473
111,-0.5287291287313374,1.036906312705879
112,-0.5033490899634063,0.745393433095289
113,-0.46284028527383103,0.7918847331365273
114,-0.4476290230776874,0.8475959537966137
115,-0.4047269842359854,1.0269372877212948
116,-0.3917028628088646,1.1328498333022736
117,-0.3841048539863654,0.7844756438100116
118,-0.36313414453211507,0.931450100745414
119,-0.34847542305913864,0.6770022627286268
120,-0.33575726128530525,0.9120824595512144
121,-0.3142897175064551,0.9473695572148774
122,-0.3044826202088983,0.9565615074606363
123,-0.26273983315715443,1.0985869412904161
124,-0.22990545462484807,0.939430135083273
125,-0.21100042414762235,0.9358961181426841
126,-0.16391051251642713,0.7056197938132223
127,-0.13823786447700348,1.0131581827150227
128,-0.1066399851939996,0.6124663961979387
129,-0.10135963205753493,0.4654090873664489
130,-0.05292900412718879,1.0040155365046926
131,-0.03785730412663971,0.7876248494954342
132,-0.022282520577443312,1.1112518319770148
133,0.012565744657564312,0.9192010884721438
134,0.030116276460104015,0.8371203142095248
135,0.04206456124400009,0.6967701470929866
136,0.06355417809465332,0.9276807588928617
137,0.10535867005751211,1.1161051393388386
138,0.13204817433999883,0.9983764367156954
139,0.1435475498222865,0.9822086179503432
140,0.1587548961627369,0.6824395298433491
141,0.22097564651414756,1.154229030481554
142,0.24363447156212342,1.081609958350153
143,0.29238164424409563,0.6589715999003951
144,0.298016721742844,0.5554120003656124
145,0.30564365299284274,0.5888210749332999
146,0.35153170788776783,1.0400931503623219
147,0.38786504962379587,0.6401795384058027
148,0.4007113346068309,0.9929430436951092
149,0.4488480286531204,0.6658699336429845
150,0.4720667591506785,0.747229617196427
151,0.4856989787678272,0.8855428558802738
152,0.5463761947835153,0.892965670896402
153,0.5579168049082683,0.7871035371355734
154,0.611886293581135,0.846507055228999
155,0.617722223761662,0.6752630203495784
156,0.6252146769436066,0.9266744391848328
157,0.6634071187723136,1.1147853276744915
158,0.6870653973585793,0.7268281948121478
159,0.7055448527913395,1.1252553293025178
160,0.7545569906961064,0.8332448804614861
161,0.7792858621119936,0.4002834498824786
162,0.7868890720933446,0.8693004400370584
163,0.8114812386908563,1.0742325458694917
164,0.8233236914348528,1.1152735922122834
165,0.8322257052195212,0.8070702862108385
166,0.8771890688176565,1.176783409262591
167,0.891474211427985,0.9457382931174948
168,0.8961743814543721,0.6914651405078941
169,0.9079975948939633,0.6087403367242152
170,0.9347293012227965,1.0427761226599492
171,0.9633117982533452,1.2443711971790334
172,1.0101662152880153,0.7533259923010416
173,1.021464905492224,0.9443479082604388
174,1.0324860779359617,0.9394777696696608
175,1.0636168781377684,0.8854982756158959
176,1.0786334827333146,0.7348631115432934
177,1.0988972239831498,0.9028988814197528
178,1.121433560770917,1.101922667058319
179,1.152360357256453,0.8461191521425205
180,1.1811021443810064,0.9747472874545773
181,1.1978283677529349,0.7479939236232822
182,1.199408921310901,0.6485885177985553
183,1.2396909383012478,0.9382972239702692
184,1.293509877124389,1.2016472492767352
185,1.3244156146925612,0.7786606912440925
186,1.352216536317936,0.8229454995682632
187,1.3550961415126017,0.572163664995982
188,1.3733616068370862,1.018876017948604
189,1.4105648506863526,0.7321173529224577
190,1.413608703082864,0.7168247186876109
191,1.4510493494024699,0.9826643799215498
192,1.4755234464953457,0.9699081922650208
193,1.508464535601215,1.0951246458041284
194,1.5340047478663765,0.9546681624378616
195,1.5402651110444636,0.9792850635297388
196,1.5518918666015438,1.0794636000570619
197,1.5823319032939431,0.6157672748039441
198,1.6311904227255336,0.8959444673205971
199,1.6410308986239803,0.8514419769764819
200,1.6522305304665603,0.6748480207995715
201,1.7014132090914862,0.6449445919381034
202,1.7100196750769467,0.7004062116411984
203,1.7465482301324082,0.7178835769742945
204,1.7617917849894775,0.8545662353847059
205,1.7746496476035616,0.8351532600677813
206,1.789492498004201,0.9754942453713149
207,1.8176576741780544,0.9694062594963481
208,1.8356287702733907,0.9378329113683543
209,1.8450429440871647,0.5467767782273951
210,1.8653903053786303,1.0250848767700136
211,1.9029918457846797,0.8504958604156373
212,1.9310106687609354,0.7246120188913412
213,1.9738626858647355,0.9894942443505591
214,2.0054455801832427,0.9227424090814319
215,2.039937754261663,0.7637573647330729
216,2.07415388825592,0.832146550325587
217,2.0881979040106384,0.9396351052527981
218,2.110325038618098,0.9206541455494051
219,2.1364121964220777,0.8750586706305336
220,2.150140258208426,1.1870431802130845
221,2.1573728863000277,1.1564558868592094
222,2.2233064375828855,0.7515072577540913
223,2.2590914363808303,0.611075817236771
224,2.264203253949186,0.9596541892510986
225,2.274037367350687,0.9520323154825338
226,2.309912411386198,0.8482892596664218
227,2.3206931252705725,1.0581448605859258
228,2.3379316845603446,1.1469729056129037
229,2.3740064284408966,0.6109712265959674
230,2.4008694507023374,0.9496715970747021
231,2.4327130268120074,0.5684933099138741
232,2.4464155588444125,0.6399516018875758
233,2.4779609244104335,0.8223835492307099
234,2.4926085674075664,0.7290264564017884
235,2.497810055261536,1.0777114066882865
236,2.5142465849958064,0.9150648149653929
237,2.556373443055468,1.1551496675146553
238,2.5929569413956806,0.8495394714573393
239,2.61109545076996,0.7023269942396706
240,2.620943696404357,0.9529852611785646
241,2.63100594556287,0.6623060078081787
242,2.6470314252910425,0.515359078502316
243,2.7563330320240857,1.2056750966144847
244,2.828140888992118,0.9629433188640669
245,2.8588765155287748,1.2017860401790825
246,2.8982776053430825,1.1095286775291917
247,2.938755738497044,0.924352885265286
248,2.941963900893282,0.8881679668460531
249,2.9633434508362284,0.5369576147557917
250,3.024907125088851,0.5062422020354043
251,3.0382699781799603,0.645295520068813
252,3.0592716753180933,0.7750084734808951
253,3.0834834734290535,0.9665618421305464
254,3.09316817626916,0.7639065396754199
255,3.112006562145889,1.0185096128455338
