0,-2.909691202449187,0.7329441364747808
1,-1.3726509757885803,0.15475522087906557
2,-1.3085931377342073,0.2630918319791133
3,-1.3007921690380575,0.410232522550699
4,-1.2666174416208655,0.5210073442277984
5,-1.2470611385101302,0.6085942574434855
6,-1.2002221579422623,0.4586672191445337
7,-1.1872948625811262,0.29850557465920236
8,-1.133536767087473,0.34635370545624133
9,-1.129376112916744,0.4284948145166395
10,-1.096933796189162,0.11965897018957938
11,-1.0478009684130098,0.4228527429529615
12,-0.9960601968256254,0.5542120478127164
13,-0.9908639842737628,0.6860097552276727
14,-0.9801435367013231,0.428406421700015
15,-0.9662683889987771,0.48698693361216494
16,-0.9504147621357397,0.4025285591918603
17,-0.9453715844324969,0.48454519528979667
18,-0.9326427799558996,0.6582997565663804
19,-0.9182264902855587,0.16776327874916275
20,-0.9104075237786852,0.2981723895494648
21,-0.9083754158186171,0.3267677915681651
22,-0.889615810822177,0.6424459949151476
23,-0.8796071513588386,0.6995239612232479
24,-0.8741860556492613,0.7189116738580649
25,-0.8504636014072006,0.4370673970699928
26,-0.844538319625643,0.5729289628579667
27,-0.842315580838579,0.4467543609787723
28,-0.8238033766775751,0.6874709298357562
29,-0.8040738764147131,0.4516370891319656
30,-0.7948175995668395,0.7775605455579089
31,-0.7775940357802791,0.622955458587755
32,-0.7735603461442935,0.854991263900687
33,-0.7658120375158155,0.8946513411094935
34,-0.7423036581300151,0.2699330764442085
35,-0.7254605960820913,0.4255534148960463
36,-0.7006640734153486,0.5425902880833554
37,-0.6992642121665522,0.61726084283504
38,-0.6763745021373533,0.3875995505532107
39,-0.670420257193265,0.3383599446712906
40,-0.6688437575102711,0.5019318769314647
41,-0.6654621498405798,0.47373827335252183
42,-0.6631032196163003,0.5075253152552874
43,-0.6527774964605565,0.5338003582253921
44,-0.6457052780650713,0.966621301999059
45,-0.6285433913092219,0.6285345612805651
46,-0.6149005372219922,0.48203158038561145
47,-0.6009769604897132,0.5592141299472638
48,-0.5944901410273838,0.6741546383132018
49,-0.5902933958769416,0.7609921891396844
50,-0.5864820668612148,0.5351508552178706
51,-0.5787974758877819,1.1266019635802516
52,-0.564327078791058,1.0053317889521296
53,-0.5393333143433775,0.31215230139521355
54,-0.5270531905307484,0.6517981199924141
55,-0.4980856020723192,0.727635778996646
56,-0.4893617971275545,0.6366446764688236
57,-0.4885910446835095,0.7717169168093168
58,-0.48320782670892365,0.759680589988341
59,-0.47457933437601174,0.968811221997915
60,-0.469555569651911,0.5930345760665076
61,-0.4665156148232274,0.64221227705012
62,-0.4555204690872204,0.7690998786506983
63,-0.44900239267737346,0.7779694184587317
64,-0.4422785046604919,0.7609563462085841
65,-0.43372734382399963,0.8599448816473716
66,-0.427918880334763,0.7481574864512892
67,-0.42243764105631765,0.6637329677393295
68,-0.4175209238744953,0.7553652185834779
69,-0.41046264501911983,0.8185824246060593
70,-0.38822586208641796,1.0466635119266423
71,-0.37698489157993265,0.854807208990439
72,-0.3617964051923324,0.735824018909805
73,-0.356826555378441,1.031036568580497
74,-0.35427342710415793,1.0521981714619792
75,-0.3530534426763973,1.0829762837822783
76,-0.3464347053674149,0.9101220670416497
77,-0.34463214547661125,0.9016962631289835
78,-0.3407568599139195,0.9006454655861923
79,-0.33909370332249167,0.7840045449676275
80,-0.33235776946186146,0.975222018552105
81,-0.3282035064672024,0.9083821156018123
82,-0.3201203742388069,1.0037400782078902
83,-0.3130288915139072,0.4986983764610146
84,-0.3068627492614137,0.7922202253899927
85,-0.2962363546085585,0.4757188465422027
86,-0.2876165635996895,0.6380471462883641
87,-0.28638948498166855,0.5809998441732511
88,-0.2829322649584457,0.759362930151285
89,-0.2766644835198559,0.44758204977316673
90,-0.27080312994454997,0.42778471878235397
91,-0.26419173538932483,0.7479404400207007
92,-0.25471492423394904,0.7319983540587907
93,-0.2537057866419849,0.5270650811806508
94,-0.24882391724215033,0.6976729311187753
95,-0.2240730415214678,0.9403161957458454
96,-0.21536306897682034,0.7930751853379547
97,-0.2080694050622503,0.6644622113922691
98,-0.20377105833292375,0.6834226535233386
99,-0.19406063162486062,0.3381355100802515
100,-0.18888242104727712,0.9439054743195829
101,-0.16926655082673384,0.7783182086914533
102,-0.15110840220061716,1.053314705035583
103,-0.1467439804854269,0.9096498916186131
104,-0.14097853610407832,0.5251430833073338
105,-0.13623406794601972,0.629166039532063
106,-0.1284759091142033,0.5350989208973032
107,-0.1241251223149199,0.6124734640406444
108,-0.11911010422251016,0.8963317937150366
109,-0.10788189812988172,0.766160073589436
110,-0.09688126448376896,0.44849057955373384
111,-0.08125215875362395,0.4637182099666358
112,-0.058760869271848516,1.158502447761118
113,-0.037927892857882645,0.5785121354217534
114,-0.033799396542643516,0.8743701461072719
115,-0.024477454278611,0.6786203451257513
116,-0.013930933976578115,0.7883469689150963
117,-0.004648679386847231,0.42997820557038646
118,-0.0031402165004591376,0.7174259372897516
119,0.003975452265636378,0.544349201558723
120,0.01583451947637827,0.2014208593125205
121,0.024671236586428842,1.0194628651988396
122,0.04336394228439242,0.7546912052621427
123,0.04892757028897133,0.6548008438573323
124,0.06918558961912626,0.7282743145444838
125,0.07405542000208347,0.6416335387254852
126,0.07659421097787199,0.8561944746056784
127,0.08474693579166122,0.6468195158303648
128,0.08917879666530901,0.5234458057569993
129,0.11028847992519657,0.5836781047189592
130,0.12112146466917931,0.38153983194665064
131,0.13955890024151385,1.0285615264514074
132,0.15521660049792665,0.45265330749600524
133,0.15838433799045287,0.9210419531682681
134,0.1599741404182069,0.6850319801515189
135,0.16481730158710645,0.7925250857149428
136,0.18582771734303585,1.0101148039517744
137,0.21010153356640654,0.5328725425237406
138,0.21821308334328984,0.5227334715549267
139,0.2306350161615693,0.8409090538201085
140,0.24630721791136653,0.7174752465199984
141,0.25246143323949083,0.6282914320724938
142,0.25795359632245196,0.8826173306042516
143,0.2730148934671762,0.8638958404167512
144,0.2849457978419768,0.6798729546928824
145,0.2908438607645228,0.7799064774681446
146,0.2984951861727127,0.5529301481888721
147,0.3091447290055869,0.7138128823128074
148,0.32122030013989306,0.44526524927213
149,0.33026812841180103,0.6951115054339406
150,0.33397818404539437,0.46429457390439693
151,0.33993047633795737,0.575193332593374
152,0.35525399838913785,1.0115688567255723
153,0.35859271174791846,0.9727133483194736
154,0.3724463946159532,0.9441897739882052
155,0.37430932728786587,0.5347459427580872
156,0.3820249250662459,0.8359034938033905
157,0.38628937184830286,0.8253493764234703
158,0.39831247438428863,0.8160094078175245
159,0.39901199486081357,0.7891099628368686
160,0.40846934634507565,0.6674457279309035
161,0.4143580962134929,1.2334466279363392
162,0.43330845845202987,0.8535380618996482
163,0.4544328120204409,0.8326246073327511
164,0.4578877002563112,0.633348050298225
165,0.45894424928128674,1.0285924970157352
166,0.46390749315339214,1.0118075949914405
167,0.4657308883623041,0.6997138259521118
168,0.47410392241110655,0.8053556483712981
169,0.4959110743756406,0.8480821696271946
170,0.5006030372058317,0.8420486538824377
171,0.5150751045792347,1.0465786595780229
172,0.5317063305746231,0.6218011103963752
173,0.5327229779894254,0.6787686841206455
174,0.5385327624771674,0.5893907289708331
175,0.5435610261632805,0.4495050052655023
176,0.5506691540960055,0.7786996694983768
177,0.554793214409198,0.6685473292309093
178,0.5601966618685932,0.7700462176556884
179,0.5709609136058846,1.2004972399704648
180,0.5776251610875807,0.7464391724690213
181,0.5798739329075494,1.0943823221981244
182,0.58109764359401,1.0697500525468435
183,0.5817194929075682,1.1179282088992732
184,0.5896438615547203,0.6787269485534773
185,0.593062346847469,0.7601279540357704
186,0.5947441091291666,1.0815765330904488
187,0.5979109918929612,0.8470137608354285
188,0.6124844629804653,1.0979108421499808
189,0.6206271991573554,0.7384077386499708
190,0.6292866224067863,0.7970418132181492
191,0.6359138236010599,0.6236152839118058
192,0.6377754640990886,0.6322394103279176
193,0.6406307122614545,0.9476024460306257
194,0.64922346049765,0.8489111856942546
195,0.656667968550564,1.0197741822774464
196,0.6646525987234376,0.8176861469606078
197,0.670248884223189,1.0015498846681965
198,0.6874321233060418,0.7885036941888083
199,0.6947577741412014,0.9681621960420127
200,0.6978465232473341,0.961055771683694
201,0.7016489033629949,0.8152717898237697
202,0.7042845207053384,0.6074152529177205
203,0.7061689985438392,0.4351694190251264
204,0.7249893480256953,0.6804357072957785
205,0.7362057257414235,0.930924417586638
206,0.739326960274231,0.47957549029653873
207,0.7411898062627057,0.4922587820726868
208,0.7449538608640373,0.7163514509627177
209,0.7572698045663552,0.9128633397489784
210,0.7655611324691489,0.7737493137245783
211,0.7713004968147344,0.9840639676677638
212,0.7786291945459163,0.6784204722088382
213,0.7826957873429595,0.8412859844814535
214,0.7966059847929944,0.8362970568198452
215,0.8067067095399919,0.5535559100796026
216,0.8131445085978447,0.7380887657379073
217,0.8216119435465664,1.0074274508106553
218,0.8391839117915638,0.5575747981745398
219,0.8692232132015982,0.3479144549727783
220,0.8753140663219092,1.0414516161370604
221,0.8952908557741498,0.8919686487204216
222,0.9036378639809152,0.8852013244495874
223,0.9197980334052792,0.9216940695482012
224,0.9284929789159388,0.6120225631543613
225,0.9419501170334275,0.3985191378263482
226,0.9613519704107332,0.7386290305849977
227,0.9636687430158404,0.6140307030317479
228,0.9803090068887417,0.9893102568977912
229,0.9939492394692568,0.5373864334834865
230,0.9990323123457864,0.6622704766773693
231,1.0124630908497445,0.7531647174262285
232,1.014704398842868,0.8552600121949491
233,1.021840942040695,0.5205765488406311
234,1.0260252060079489,0.8575308665128802
235,1.0421177691330454,0.5173582739568776
236,1.051630565597429,0.30751725485619197
237,1.0586187122909987,0.20545605406198242
238,1.0890298226523447,0.19507831280420787
239,1.1033398942774342,0.21593298058291902
240,1.119452389714002,0.18264589949941526
241,1.1314974042193802,0.17128658470082125
242,1.1718117698223214,0.5312234748764202
243,1.1990216872502466,0.5353835295315862
244,1.232993758888558,0.2963221148602034
245,1.2588036903056945,0.2549783905935952
246,1.3342849827196546,0.16205646526994663
247,1.3601116184596387,0.5108375390863441
248,1.382129194495309,0.4893643171089288
249,1.393730615977171,0.3183441309759668
250,1.4041979674978746,0.5048398395290841
251,1.476503680566706,0.17784293096389395
252,1.5016324193455535,0.08152168045524909
253,1.5041533291968705,0.1956476859716611
254,1.9293680510626783,0.06944344921871638
255,3.0674059029478373,0.6996681058010424
0,-3.13710560502067,0.18359281031940702
1,-2.550159339336965,0.7237005327389953
2,-1.0351861131838227,0.18787923408003357
3,-0.9937721420544396,0.23049217850148593
4,-0.9688085894062167,0.11218333600426716
5,-0.9360475169272509,0.6062985513870354
6,-0.9266414665225585,0.7697220923299942
7,-0.889152797189717,0.4236264016239073
8,-0.8725445715957657,0.2111478848967902
9,-0.8478338732494413,0.559413282014507
10,-0.8262280193176972,0.6546718879541731
11,-0.8148347178466837,0.7252438610859433
12,-0.8084154036491099,0.3700319177959335
13,-0.7986856815767764,0.8865027797021152
14,-0.7679454577684391,0.6819170594010219
15,-0.7575616867727964,0.8155529448498227
16,-0.7466745914062966,0.39018335007984534
17,-0.7010371353969598,0.3716085405568204
18,-0.6934369431839682,0.3148643448087062
19,-0.6787785601920904,0.5199943500400059
20,-0.6680283057236993,0.4766342302434307
21,-0.6579064781128723,0.4293381424129805
22,-0.6406136758053699,0.6022670913809315
23,-0.6238312422921091,0.6194947719868152
24,-0.6212189451249323,0.5086681607537229
25,-0.5967539506693595,0.4535948078970311
26,-0.577555415991636,0.1843353343939592
27,-0.5729705246973325,0.579306514024147
28,-0.5713522008370358,0.5819258393198891
29,-0.5618576302836937,0.4180730968354545
30,-0.5534459114737049,0.7483543287547104
31,-0.5376022722820654,0.7499095102757136
32,-0.5253307810065875,0.8686752601713141
33,-0.5093342299368127,0.6043721319458806
34,-0.5038537371444731,0.3253330297221021
35,-0.49359954949435975,0.7037985660865789
36,-0.4880866521304888,0.7504474153222245
37,-0.47693728482292486,0.6350673282216129
38,-0.4741270843253599,0.9301347374393623
39,-0.47229531569059746,0.8648961991609715
40,-0.4703653801713775,0.7664706769338336
41,-0.46802612498969065,0.9717681696624213
42,-0.4633238571730275,0.9335802916755904
43,-0.4598751388810928,0.9947485662483855
44,-0.4560333932012937,0.9358188357270834
45,-0.45380835388972157,0.8480611354156892
46,-0.4428468937312372,0.5385194278218782
47,-0.43329091753756843,0.4277134133638744
48,-0.4192476464889251,1.0329754411478027
49,-0.41137624068390116,0.801379568460567
50,-0.4072540493902905,0.46307803704391315
51,-0.4007624585249685,0.6420115955942364
52,-0.39232368748703966,1.0748845487850132
53,-0.3789281276254255,0.5620604273686208
54,-0.3690093977657046,0.9836412257338497
55,-0.3526800092774831,0.5724919533994612
56,-0.3376953887367624,0.8060511000041001
57,-0.31109097074867853,0.7262791475584431
58,-0.30628545819742087,0.9402392529152592
59,-0.29824283749676284,0.5886751468342516
60,-0.2868552401124626,0.6536063003069391
61,-0.27857338166450385,0.898790439006947
62,-0.2763911622225278,0.6601613469543248
63,-0.26634373560905134,0.4864430345117966
64,-0.22856505348887432,1.123140551847768
65,-0.19269443269333195,0.5886608538805007
66,-0.18762841010782624,0.4877254463535176
67,-0.1785267577872392,0.8108321959203322
68,-0.1613434828969623,0.29328393096162203
69,-0.14563070586102114,0.40954957684847343
70,-0.13693318777788252,0.6821042695809489
71,-0.12396834491145722,0.5981043754841991
72,-0.11155615492094051,0.946386207639767
73,-0.09915941688746784,0.7841974757354789
74,-0.09010385283929705,0.5674375106254202
75,-0.08818870233576309,0.4524086984000943
76,-0.05900952899164819,0.4909586442842701
77,-0.028892129468652734,0.6196015058390847
78,-0.007775452332599878,0.5058575014321202
79,-0.0034226105153083632,0.39566808928127795
80,0.005989496802219048,0.7373167561638216
81,0.012943783409220262,0.5782514492270409
82,0.017866475740323132,0.7140281532859233
83,0.024496285319883244,0.5293493447638664
84,0.02957058853778996,0.7102466529626654
85,0.031779730922082784,0.4907278972410087
86,0.04320223257736536,1.0581997476896192
87,0.0800440855299523,0.49386908451162564
88,0.08640469246036162,0.6641769785708744
89,0.0908031473125221,0.7546115595509774
90,0.09981882200574069,0.774538649871077
91,0.10854327354518066,0.9971130110290183
92,0.12089013575764533,0.7498963778725395
93,0.12490032311201285,0.906602876607032
94,0.12756536794095386,0.5963089733253866
95,0.1305406183348444,0.4491716033845861
96,0.1402070268325106,0.9941443552207492
97,0.14713880620525446,0.9903976782744339
98,0.15799265664833687,0.7809272073880938
99,0.17188813690266697,0.7970322567639688
100,0.17640484953596,0.8773539487971673
101,0.19047980875331083,1.124159556382811
102,0.21143737615982885,0.6421694055651295
103,0.2186968654762825,0.6002815764036007
104,0.22385691523875229,0.8649740406537071
105,0.23533617794344222,0.6301477046727014
106,0.23783814239955176,0.5158374824582344
107,0.24059392401175286,0.7367237654346519
108,0.26148696405980953,0.87874273761826
109,0.2687949192995577,0.4886022062271158
110,0.2730321423976436,0.6231055704555954
111,0.27780692347410585,0.5715842046564308
112,0.2818088338004015,0.5484210394113938
113,0.2981433419407243,0.33553920856550695
114,0.3162238415539664,0.8840889197379946
115,0.3273837837547603,0.7094994924746307
116,0.3516990757975232,0.9720596965511162
117,0.35987832348942633,0.5416141677777497
118,0.36442971767714494,0.6861478897898645
119,0.3785778065673275,0.6309490976769596
120,0.3880943082671738,0.6539329170794109
121,0.4067986142714863,0.9408025784947831
122,0.4248329878130625,0.7471311303108531
123,0.4311832442772773,0.4902265377956325
124,0.4397882960582759,0.532754104115577
125,0.4629183311062072,0.98098722417097
126,0.4836103524080875,0.7715773459871512
127,0.49464405171904274,0.5633503200529131
128,0.5260406585489688,1.0755786394870646
129,0.5702208564459191,0.6765800056985686
130,0.5780619120589068,0.5858006999615271
131,0.5921301481100141,0.6115091070708484
132,0.6068840418896353,0.7486251963140622
133,0.6268534110543448,0.766460105022913
134,0.6345391232112929,0.6355155731551355
135,0.6586702874621195,0.8031841145514189
136,0.6672670461816821,0.9945859273393877
137,0.6751871927257025,0.7322528986287191
138,0.6937882136773542,0.34117789492161826
139,0.71434799812316,0.8241592212189923
140,0.7350347676765321,0.3351713656016362
141,0.7449275236327241,0.5406325447706218
142,0.7535669151329815,0.38486211322139446
143,0.7606155042265416,0.9070408235285928
144,0.7698314407127392,0.6285616297285409
145,0.7807664866899962,0.702304367211041
146,0.7921329933793434,0.7099184046398394
147,0.8042705473049053,1.0250599292188964
148,0.8088309068066143,0.8532067560825688
149,0.8356274945409892,0.9613744887462579
150,0.8439176464677377,0.9480383921730823
151,0.8510075230699239,0.7810120333278565
152,0.8585484945229559,0.8151061515187195
153,0.8625343961576675,0.5762433644287708
154,0.866297683043277,0.6603797137074476
155,0.8668124828900565,0.8456347392542192
156,0.8709207464467762,0.9389961633658319
157,0.8800474384659832,0.9745021467785846
158,0.8909693318553022,0.646229253046958
159,0.896650594319184,0.859866270642349
160,0.9018980209484515,0.7637471873699012
161,0.9035720409305301,0.8195771947190342
162,0.9135840979968999,0.6233597391229722
163,0.9186738765825617,0.6049351256788931
164,0.9341528726084251,0.6840457883311157
165,0.9424952685716481,0.900494477513351
166,0.9453084784748021,0.34881414482115936
167,0.9483839886236126,0.644052849131434
168,0.9528864861125179,0.43601571490876956
169,0.9688173250381272,0.7496588875807064
170,0.9728839981328679,0.375390926986874
171,0.9815448799569753,0.7091796502139789
172,0.9878773801417977,0.7670795831049296
173,0.9898847759965121,1.0188049666845977
174,0.9970134643762274,0.7296123844610081
175,1.0120723467185593,0.8445913925209481
176,1.0267139375414953,0.5990376980882528
177,1.035948587173712,0.4425160156020058
178,1.0397923449590734,0.7206310170840868
179,1.0494699674868315,0.3130198598103494
180,1.0570413573646513,0.8546368389320452
181,1.0625158279345939,0.504462180447833
182,1.0961027509622125,0.8774874046506759
183,1.112237226533815,1.0996945550689141
184,1.130760560069804,0.6192864180879102
185,1.1325071489027385,0.7956012687108706
186,1.140289488940677,0.7005385612725825
187,1.1519969084913138,0.9364914576107598
188,1.1665695269638077,0.5983846323436153
189,1.1743501937743686,0.7068148417697774
190,1.178479923548364,0.4209636685254668
191,1.1933214903948905,0.7239664434335367
192,1.2110092700796558,0.7495397100135885
193,1.2150425496753126,0.5993980825070948
194,1.2350097683290986,0.8171329668929016
195,1.2504446779723808,0.788306662663178
196,1.2641868065273667,0.6841012711062242
197,1.2703738978527972,0.7026989705853621
198,1.2760372959007247,0.4345884016653452
199,1.2821529402926761,0.35375999045478895
200,1.2949276953703555,0.921690132131384
201,1.3108077713763011,0.5474502184268567
202,1.320069021719432,0.5022812290635343
203,1.330922869279334,0.7945562868442226
204,1.3349087710997514,0.8126094737835304
205,1.3401295553586934,0.7991157564784503
206,1.3450765111264908,0.46150945099988183
207,1.349098149446387,0.4810418527587357
208,1.3595865179332574,0.6600342178447369
209,1.3656166506121457,0.9109009519920013
210,1.3808666393861369,0.7688402184241778
211,1.3825252867606208,0.8024802542156455
212,1.3864506643537666,0.5021502904145768
213,1.3937103618197193,0.3673185382767935
214,1.4215258343110144,0.8872615263163715
215,1.4301985943607538,0.5796264395741997
216,1.4367291457987024,0.5520483923131697
217,1.4428988662455164,0.5301697367720712
218,1.4496949780070085,0.6751600881952093
219,1.4529251391318239,0.473135935773846
220,1.4554360791074328,0.608828849888985
221,1.457636398030115,0.902943430964296
222,1.4627144135025885,0.6947633191660605
223,1.4685720000380278,0.9401056290162707
224,1.4846806665480614,0.592733606267478
225,1.4913324930695915,0.770724451855395
226,1.4949449549116367,0.5652451375821229
227,1.4983341107953254,0.8314591193165908
228,1.500572611647374,0.5362250953944911
229,1.503549237632745,0.6143936237292345
230,1.507052178162641,0.6060428133735118
231,1.5318789937323891,0.4188224740527846
232,1.5550514615489353,0.5323061564127967
233,1.5628473877766493,0.48837986279344314
234,1.5789634765424279,0.5967808784188366
235,1.5961330978126909,0.6674146224961708
236,1.6002005989661008,0.4568358538102189
237,1.6102927883173765,0.30276027690435575
238,1.6248562862591667,0.39684729575014865
239,1.6332062002666414,0.3524661000339147
240,1.6444089412323597,0.13940809084769262
241,1.6754594949944828,0.544184037889659
242,1.679150375810912,0.5446480328159927
243,1.7200324244867011,0.597019174246214
244,1.7400590499624844,0.4756770989278071
245,1.7886850850339788,0.3293330228854806
246,1.8057386852965343,0.33291409869173605
247,1.81052822578776,0.4881885879466505
248,1.9115255806457254,0.3580378717659875
249,1.927462273992496,0.27245918129223223
250,1.9457824031849391,0.23354377178321445
251,1.953480533805434,0.21553139843080366
252,2.0119778879693055,0.31387207737386014
253,2.0294023125376137,0.24174405944618338
254,2.053603738905905,0.129554265794962
255,2.140428198700496,0.15274705714092343
0,-3.0876805171718473,0.37809791604160164
1,-1.767695562696306,0.1996388730172296
2,-1.6462644935877238,0.15095274298959133
3,-1.602604942988133,0.19283316108903475
4,-1.5696122259642822,0.17188134667230037
5,-1.5241763144560674,0.17995043405916547
6,-1.4410702765186914,0.23435791548319715
7,-1.4211617357372064,0.459684751042181
8,-1.403846010405513,0.451967618791582
9,-1.3718279621132394,0.10976949085403023
10,-1.3548873832526995,0.32280725098868324
11,-1.335102382417026,0.4804998727876154
12,-1.3059588447342687,0.3443279147330004
13,-1.2902168360183368,0.35503508991132793
14,-1.2701910342689582,0.1312435698162721
15,-1.264861885722968,0.5461528620921874
16,-1.262812701861745,0.4966779252147026
17,-1.2505684267547874,0.36948596148335655
18,-1.2440029698074901,0.20176466214993563
19,-1.1984200502606694,0.3313629046855872
20,-1.1913952529852272,0.24300510145192372
21,-1.1606025300767486,0.3511383765345729
22,-1.1595012943095733,0.40132330099665514
23,-1.1470125806921927,0.41951739293512424
24,-1.1444115483642916,0.5241116419766175
25,-1.1156638308203795,0.4384826995001912
26,-1.1112067372947612,0.6296203400095176
27,-1.103403809714866,0.4380083010952009
28,-1.0793624839181872,0.581593440722414
29,-1.0717984829291427,0.5552824379573144
30,-1.0636753388174003,0.695754526202721
31,-1.0547176326997587,0.5396176174750743
32,-1.0517605547245474,0.638611183158464
33,-1.0339764401067166,0.5637130507727459
34,-1.0281424754585142,0.46599096394517947
35,-1.0243685122752582,0.6562429928496972
36,-1.0133273809773935,0.7195178719416857
37,-1.003723688178275,0.6335733523060365
38,-0.9972508836095931,0.4911942124968905
39,-0.9914826459439344,1.0669861425348337
40,-0.9798652748677491,0.6835488707381006
41,-0.9764109964445129,0.5934632788350771
42,-0.9625887844738857,0.9958276989126711
43,-0.957327546119276,0.5550175521895861
44,-0.9454542023575689,0.5000891640256355
45,-0.9379242244737592,0.43506064872389105
46,-0.9317511128505926,0.4213078747674593
47,-0.9221586378989854,0.38019664407472553
48,-0.9022316443335645,0.49547515000463316
49,-0.8980896633554473,0.6986169464220225
50,-0.8924182064333981,0.7342864958661584
51,-0.8914237384552046,0.599974337547144
52,-0.8847834936097201,0.8361903758661169
53,-0.8577217423829722,0.5024168533397761
54,-0.8557302030625896,0.5791767963431889
55,-0.8506948467258034,0.5072324574215479
56,-0.8407171540184033,0.5962109092900629
57,-0.8354167845086405,0.6343583802154035
58,-0.8289900234988963,0.6912804821323125
59,-0.8191358948434674,0.8610915214883174
60,-0.8134260192631032,0.8651063621891988
61,-0.807944099596068,0.7381728716624588
62,-0.800053353429221,0.948218422087869
63,-0.7956782600565927,0.6411929668221732
64,-0.7814467245630674,0.9746312205931548
65,-0.7731391239168312,0.6422526927888613
66,-0.7584783005243154,0.833258054633363
67,-0.756405395878643,0.3915801223820932
68,-0.7448801009603873,0.5579586985915573
69,-0.7405257073009376,0.5213127717296883
70,-0.7315801309599573,0.6293845374288098
71,-0.7231671495749001,0.9562321596495991
72,-0.7183247557280834,0.6276020720970287
73,-0.7087347346025822,0.4496635354663724
74,-0.7020603142440135,0.44267945580934853
75,-0.697088706074654,0.722293942551631
76,-0.689408588107443,0.7926847127741403
77,-0.6691152153729389,0.8857832083346631
78,-0.6594635542045081,1.007527671582706
79,-0.6553212872439053,0.7013868293799865
80,-0.6538958638142917,0.94739510785333
81,-0.6515712514971131,0.7083691139353052
82,-0.6456970749629334,0.7957064258771378
83,-0.6424663071571386,0.7745112819655287
84,-0.636364588697302,0.9560512630047202
85,-0.6347597899148282,0.9198558162311297
86,-0.6273518717528326,0.725505605427196
87,-0.6234765678363259,0.7747500737681798
88,-0.620373862378537,1.011998664308846
89,-0.6182344000561967,0.6478933014010633
90,-0.6124349556649307,0.7792108968540573
91,-0.6060082472088896,0.35189514827951773
92,-0.5920126655757534,0.6672457156949451
93,-0.582634207139963,0.6554737338223324
94,-0.5704019757631953,0.9241076220689035
95,-0.5512575678942411,0.49004461165881685
96,-0.545644744303043,0.5530199318932455
97,-0.5397242089505706,0.5924534532269484
98,-0.5228872782861261,1.0067742750664461
99,-0.5016543561154164,0.7506291450746855
100,-0.49828784861908354,0.9028797018382049
101,-0.4957034364506461,0.40880649967017846
102,-0.4854295101117659,0.4634488906336412
103,-0.47731743258383974,0.45570599536670947
104,-0.46750531167546433,0.7026917228084157
105,-0.46493946392647456,0.5505647248363493
106,-0.45900041876998526,0.8385212061360537
107,-0.4523948379886556,0.7230489263723756
108,-0.4380290696982385,1.1175779532534473
109,-0.4308764057519126,0.5233480265239969
110,-0.4211209452050912,0.5868233465907319
111,-0.4147961237613183,1.0374473280330083
112,-0.4058569323493206,0.9589133891196202
113,-0.40493395228097356,0.7728494947678017
114,-0.3943407002025647,1.0060941417638023
115,-0.37790563324545645,0.5662196947022214
116,-0.3757696503960662,0.7845367733781717
117,-0.36807113668437724,0.5514140034480828
118,-0.35197468706395585,0.41491521441924817
119,-0.3356461595423548,1.1676036863711559
120,-0.3151914343992094,0.7391380537581552
121,-0.3074120842142471,0.6447884124829412
122,-0.290054032529183,1.0136187836462063
123,-0.2772759216147209,0.7344472375392849
124,-0.26238382828400925,0.9960742688116665
125,-0.24823520353562337,0.4914074896610353
126,-0.2295495782212075,1.0488942272625945
127,-0.2051864893485609,0.8056895452723843
128,-0.1864926936784569,0.8483028865615563
129,-0.1828746817613143,0.7924769946219093
130,-0.1798201202457855,0.6348750505427423
131,-0.17720952928389225,0.6486194335695178
132,-0.16309186760561675,0.9346811290965198
133,-0.1597457366954469,0.7831837776333042
134,-0.1524820297615745,0.9046788150569494
135,-0.14505978066527608,0.4643705633359935
136,-0.12945621923047632,0.679601185406947
137,-0.11802009818566765,0.44780020663500736
138,-0.10512668353985131,1.1267070233146133
139,-0.08944088593513935,0.7560055399433028
140,-0.0868091907449223,0.609173762927382
141,-0.07294222468384572,0.9498750451625705
142,-0.04298966787964535,1.0513041428700776
143,-0.024987719957760546,0.8162196992712674
144,-0.02383996185016789,0.6305959701520325
145,-0.02006669126877054,0.6575951573678183
146,-0.013601822814530505,0.5517235238038547
147,-0.006610841226615754,0.3591114275025032
148,-0.0025072895985901447,0.677739507851563
149,0.0046395949205942375,0.79420083631743
150,0.008376980780848054,0.9249793372371007
151,0.0131542515251842,0.6662277413249758
152,0.022653958274104265,0.9579616626403186
153,0.04212147837728019,0.40721056227626795
154,0.054363055395939296,0.5766478038972584
155,0.057371465708134964,0.6665135590757917
156,0.06359717215797882,1.0443875693635813
157,0.06559356474594509,0.6391581401519808
158,0.06999303733140542,0.6850963071134938
159,0.09143988904193126,0.8550291908974421
160,0.11102912308780313,0.8691446483447249
161,0.12051867094075808,0.6580781249246571
162,0.12669349922615492,0.8011325910722132
163,0.13243031829501353,0.8273905073066234
164,0.14305942340456043,0.8764462275081224
165,0.1523047252258313,0.6911542262727964
166,0.15537616748771113,0.6044769714256658
167,0.15871849864991064,0.6481515451569484
168,0.16540621356148863,1.1105652587397434
169,0.1746927184568324,0.8688005104396195
170,0.17650445938654133,0.8863008864422879
171,0.17862150779459077,1.0428043454524891
172,0.18870454632051373,0.58922747489264
173,0.1923965700768105,0.5603693131469357
174,0.19714248480983124,0.7282374653071626
175,0.20482264228605535,0.322855387615965
176,0.20940345911952848,0.8336091594159951
177,0.2135411357225677,0.6813025521924186
178,0.2193132712542381,0.8375610324742356
179,0.2242135581382572,0.6745676340868115
180,0.23057248929970278,0.6682655831932983
181,0.23632857153147513,0.4826971455477472
182,0.28628021324328895,0.3093728412274508
183,0.29058729447776166,0.26911549477397956
184,0.3079963334477541,0.877973549272118
185,0.3142319209236718,0.7792474098520484
186,0.3304864167573875,0.3194757016817531
187,0.337667280214885,0.8639271699191335
188,0.35169024552389516,0.7181122789460745
189,0.36601841026052134,0.9376465073017034
190,0.37540692207417975,0.5088852491771514
191,0.3841719906096625,0.8532665023742207
192,0.3905495818250251,0.6940116630142553
193,0.3975978817499415,0.7609833276283993
194,0.39989801799635577,0.5807754182299301
195,0.40126755541315334,0.69569478753185
196,0.4129631839095318,0.9996423497710556
197,0.41760308499977283,0.7292573611579115
198,0.42174110668755627,0.5831608951655622
199,0.4260010695385638,0.7127353888859478
200,0.4367326158746636,0.6561864574548948
201,0.4432402905443348,0.4799822201825043
202,0.4624413999166617,0.4742600185600602
203,0.47883899637535676,1.1089476416353237
204,0.4861468956383626,0.7276289031581296
205,0.4910995804409133,1.0564408727012085
206,0.49624678147076157,0.8910895276205797
207,0.5039643511270251,0.6813879090112718
208,0.5138398512321288,0.5162655049271553
209,0.514491239804756,0.3920482972540395
210,0.5279430039480841,0.3819722699298287
211,0.5378256973164833,0.324741324286212
212,0.5413629524940274,0.16945122284383562
213,0.5547671419954427,0.7986475393450904
214,0.5561478684912088,0.6823284717930451
215,0.592396961762315,0.4498711273230193
216,0.6078536802705213,0.5453743679455839
217,0.6164266592088727,0.9719575518307011
218,0.6368861505759649,0.9922008908876143
219,0.6513548554731559,0.8037624509639675
220,0.6550436233355716,0.760612388377313
221,0.6700794902222268,0.6191361019184877
222,0.6762286050490727,0.4765428808687343
223,0.686461689875463,0.9368769198299536
224,0.6879020424226476,0.8879157292781523
225,0.6979441542716205,0.6086229171478964
226,0.7038930619534325,0.7800226964818895
227,0.7167976891792072,0.39630010204034904
228,0.7217768172678332,0.5013789173489704
229,0.7275414709497604,0.6011795792029243
230,0.7374847854075255,0.5024808158546061
231,0.7543292877261071,0.22075037956955035
232,0.7866876456115751,0.18777428052130626
233,0.8010436759360026,0.6797341824000558
234,0.807892344123252,0.6961253756582647
235,0.8146075757255787,0.6498743365677683
236,0.8276101350542149,0.706683443625316
237,0.8331010187948844,0.6138664005882132
238,0.8597549523403724,0.6045767304944142
239,0.8683532266053842,0.5098666647927529
240,0.9201984464504657,0.36369510051716936
241,0.9470044481014371,0.1836202172016572
242,0.9551468501241832,0.08507238593917929
243,0.987254437410702,0.4873810562820077
244,0.9960843200734182,0.1684643412715008
245,1.0057187436523563,0.5978829242182482
246,1.030807524414235,0.48585278919946256
247,1.0605061926345314,0.42076632301696804
248,1.0748536253895302,0.4178018416660934
249,1.0867808774491103,0.2900226056862668
250,1.2174363386483373,0.16866340631055027
251,1.2716635470622346,0.20412897705634483
252,1.2778965539239973,0.14029319869039783
253,1.3146791594160447,0.12088217833501377
254,1.3780949446272048,0.07938223008975151
255,2.853516326377793,0.7654278174729566
0,-3.1330525870895163,0.4104257561473271
1,-1.9620959522227495,0.10777149659696753
2,-1.7390778479104567,0.22321317084476122
3,-1.7358890031662706,0.12930316493757044
4,-1.703918648360591,0.17395508533535134
5,-1.671696513086093,0.16330307203838298
6,-1.5536739880309722,0.2275592030874476
7,-1.526408551080834,0.12998274980947375
8,-1.5006360453364382,0.42080331260046105
9,-1.4983205272461197,0.6024438212651663
10,-1.4863286582038047,0.5190730775648725
11,-1.479213568920987,0.44728723065494297
12,-1.469800144409201,0.7347666467213291
13,-1.4310758937236099,0.5470897470002538
14,-1.425764234317538,0.6865714633166033
15,-1.4013958981273218,0.29231433834045645
16,-1.3727410156793816,0.16339464266827655
17,-1.364523664871477,0.2940946883349699
18,-1.357175684099948,0.13902778530619947
19,-1.3296031865977376,0.568016497760689
20,-1.3139125583646016,0.35567069007472624
21,-1.3107308855440636,0.26544681183999436
22,-1.3025860565534602,0.21701388840326416
23,-1.2725028829502727,0.46845467336325763
24,-1.262008071558253,0.5182606286973116
25,-1.2485457943397764,0.6248613255558175
26,-1.235048058422481,0.2913070268563882
27,-1.2129250477290334,0.38907504227123985
28,-1.2048048585442255,0.4534801672378678
29,-1.1980578113825995,0.5071557964328688
30,-1.1869643194311847,0.3521335971123521
31,-1.173964038974579,0.3163288920414712
32,-1.1642617392528067,0.7197707402455912
33,-1.1601019680907994,0.5982139336279219
34,-1.1557586463769045,0.7224436608113998
35,-1.1447271666322354,0.9220191209198264
36,-1.1176329408210004,0.33190308890413406
37,-1.1070156699448446,0.39002124953975914
38,-1.1022258741323452,0.5083670891416873
39,-1.0937624311776255,0.7493610985301473
40,-1.0824393188667387,0.4911424574096022
41,-1.0788823233857157,0.5577436895161914
42,-1.07360050773935,0.98081761294429
43,-1.0544076705737409,0.7304283184521752
44,-1.0514459760049204,0.4975407067358614
45,-1.0496269625825763,0.8300619273659626
46,-1.0363327238195919,0.6993509467130709
47,-1.029019529646435,0.42014205782829983
48,-1.017587549815847,0.8152915328465038
49,-1.001624399971785,0.606070192215933
50,-0.9987568404208156,0.531172448498394
51,-0.9890243316580666,0.979230410993309
52,-0.9702507294987802,0.5076771794033144
53,-0.9609723678614878,0.5897044953430537
54,-0.958273056852709,0.6977260401997913
55,-0.9513556912009595,0.7900640300365166
56,-0.9460519211205142,0.8562627884819896
57,-0.9352188059668671,0.5797486184747789
58,-0.9327018590839918,0.6170848655416984
59,-0.9150079683147636,0.5635056782337061
60,-0.8961827692755915,0.7019098082491128
61,-0.8947745234825374,0.46718587253674304
62,-0.8927734246262828,0.9538925901830307
63,-0.8713859790990583,1.0655612223241278
64,-0.8686259095268837,0.6548515266074246
65,-0.8624661197558503,0.8344469039730207
66,-0.8507012078942991,0.4047235252380103
67,-0.8487745785063823,0.2863527381004746
68,-0.8295617107620278,0.5213516211864095
69,-0.814432582099199,0.682189342083635
70,-0.8098994092254044,0.8158687904285329
71,-0.7994059626865376,0.6448864670185149
72,-0.7977133261477536,0.6412655746668208
73,-0.7945854583479569,0.690425914813867
74,-0.7888556947420773,0.9049449549772479
75,-0.7743966046623094,0.7048411241962386
76,-0.7707797658473855,0.49284189291793856
77,-0.7653355296090256,0.9844749848074159
78,-0.757677260243519,0.6404039656386894
79,-0.7516201832591051,0.7104188920966548
80,-0.7478432604046045,1.0303879443445183
81,-0.7419952360687716,1.0059922316702166
82,-0.7273874570604527,0.869240119917388
83,-0.7145935645719776,0.9605164935767829
84,-0.7089272668930896,0.6153280942024156
85,-0.6962026294544429,0.8355990601004215
86,-0.6890681223472089,0.6121509992199317
87,-0.6855678896887828,1.068140846060118
88,-0.6796949724355712,0.47257908332045817
89,-0.6772555290334437,0.9307265838214265
90,-0.6730025707404671,0.8610579851937683
91,-0.6663601633254855,0.6820270422838939
92,-0.6645499416020493,0.43192010232881156
93,-0.663078875663874,0.48910115522112146
94,-0.6518213871286643,0.6899723295180527
95,-0.6424784221766923,1.1307949876629046
96,-0.6325047221432831,0.7583656307591831
97,-0.6187935777053646,1.1318354492185114
98,-0.6111181430019405,0.7573514536753698
99,-0.6079848900510753,0.9470458137718882
100,-0.6060410418493176,1.0921271519831302
101,-0.6000623842143783,0.5810524235237935
102,-0.5923090968053397,0.5862043145779203
103,-0.5800186086160704,1.0807115727546786
104,-0.5679841059712841,0.7967461650943684
105,-0.5639762896221762,1.153999073182049
106,-0.5564393185681423,0.7790675963999754
107,-0.5556879341300222,0.9598377990409587
108,-0.5548998910962212,0.8971661329261446
109,-0.5462862831139678,0.7918871246813717
110,-0.5360160269812007,0.6239912286078578
111,-0.5301648762337977,1.0376425894079142
112,-0.5235324644024423,0.6755560060213033
113,-0.5155900950216151,0.7213128375328286
114,-0.5091922057159578,0.8351835566878287
115,-0.5073329880208287,0.6237278047761341
116,-0.48655089312999406,0.7860284918627911
117,-0.4789780209296663,0.787584134090313
118,-0.4738376156857955,0.8288293785952671
119,-0.4647444375046455,0.9458914167000734
120,-0.46142523170026406,0.6732735405642223
121,-0.43294189914678155,1.1025233428001782
122,-0.42229328047945547,0.8525839082187646
123,-0.41878287274475695,0.41103897051631066
124,-0.4169410849122933,0.7083966033920832
125,-0.4050193178234973,0.45635660290726104
126,-0.3915280046666708,0.9979205857336694
127,-0.36240090034762323,0.41037669633271756
128,-0.33886047875852715,0.6407606082012576
129,-0.3060594877848468,0.9009312457660614
130,-0.2752486988982526,0.4553278667041334
131,-0.26925744135366636,0.4867569783571404
132,-0.25070437040679827,0.8422854122058977
133,-0.24190878854601144,0.6031683456757765
134,-0.23692435601082315,0.784058800709876
135,-0.2306571173155286,0.7575429515172485
136,-0.2081436159816199,0.9521010468291491
137,-0.17095811806813263,0.4382324701701511
138,-0.16308705687012473,0.6563687499424896
139,-0.15738696269930072,0.8250405667639669
140,-0.1456692527430297,0.644665593848376
141,-0.14323522267898317,0.9612836771170717
142,-0.13719096208562398,0.6227927709209814
143,-0.13067617277870477,1.1712177729076354
144,-0.1110455648839697,0.45114799814952117
145,-0.10499895184722148,0.732519544280967
146,-0.09419304499632598,0.5292744267757781
147,-0.08676185560330145,0.7510803623952196
148,-0.0750372176179721,0.49467850744130143
149,-0.06888911403443998,0.5851638568353053
150,-0.06581083403073182,0.47519682406921543
151,-0.05890689110344529,0.6548899655212863
152,-0.050015100281102766,0.6609028575370425
153,-0.04763100134264199,0.6104671623849978
154,-0.04122752288781884,0.7088613719438659
155,-0.0345928125195273,0.5472439994315075
156,-0.027460234604949202,0.8183350059685243
157,-0.025132105616992344,0.613782794337264
158,-0.02262132738577522,0.823371632624109
159,-0.02075032700876453,0.6289098538064734
160,-0.004842365419854782,1.0005748657653035
161,0.016438646872503865,0.7372570557268647
162,0.02643257823641367,0.5691184624500829
163,0.02974577078546185,0.7118256447173857
164,0.03755850239671824,0.8614216025348747
165,0.0405897464021474,0.601795659982635
166,0.05028988886027044,0.9817901754034513
167,0.05671122050346262,0.6784679999763972
168,0.05701117882153319,0.8021157508168035
169,0.06877847999842943,1.0019406034632607
170,0.07596437892050947,1.0226812104702354
171,0.08684341615015026,0.8228050827686788
172,0.08800843897364499,0.7231466313800357
173,0.0908460253659572,0.8067689391766124
174,0.09168705441268218,0.7431024189495007
175,0.09266701338624878,0.7229179070328094
176,0.09691686055748785,0.6318980804533262
177,0.1011037616472893,0.8238464846109592
178,0.11087797718432857,0.7477671484248959
179,0.1255716528392236,0.7755532985830027
180,0.12617974242683774,0.7283185364927847
181,0.14348713691987505,0.9068140193131201
182,0.15750766521893583,0.7951803361024046
183,0.1659557772291355,0.7042632196716377
184,0.16800036086908215,0.513346843460446
185,0.17405689466458835,0.8702566299194183
186,0.18877630454310562,0.45898782028266283
187,0.1987388815349973,0.7545219583971949
188,0.21192278133300635,0.5219390768812371
189,0.22522210830419045,0.6537189186059491
190,0.23140309343816398,0.49715071086441887
191,0.23894914533340428,1.0382953429366886
192,0.25008409467036763,0.5001517716949561
193,0.25852756312688635,0.43493730436009626
194,0.26317958937147135,0.8141006924746531
195,0.2764648601653086,0.817739966802706
196,0.2779026327838605,0.5408651539633529
197,0.2791693255353246,0.7235986325916697
198,0.2860084960307543,1.0110216471040074
199,0.301195773249782,0.827296920061596
200,0.3033887931693496,0.6955736640941834
201,0.3103649857388889,0.20513882120560528
202,0.32168278094556985,0.8030336638057776
203,0.33158286781593743,0.8789841087014995
204,0.3367377710746662,0.6694835113972861
205,0.3516474990286327,0.7272281667984155
206,0.3591403183937164,0.5684554256392583
207,0.3758944835770239,0.5810545610170903
208,0.3887674442885412,0.45022179146483116
209,0.39207071124043286,0.62866391839942
210,0.4306986929341372,1.0502724043182978
211,0.44301460278560245,0.794623100558617
212,0.4488999366435568,0.739964486989385
213,0.4511480420824037,0.8181103161249003
214,0.4519565206840864,0.6171299523027851
215,0.45345376334598786,0.5514614382087453
216,0.4685297429290149,0.8193153188803713
217,0.47900459384534555,1.0735735611145496
218,0.500334075825367,0.7762397458073027
219,0.512144154089457,0.894056009514999
220,0.5142346132397867,0.556585947071384
221,0.515762743967109,0.6056494971683344
222,0.518683969558338,0.45237138460412163
223,0.5272038334005801,0.36731075160312676
224,0.5475384348199432,0.3202751693246916
225,0.5578930111167597,0.5311800730545736
226,0.5588810997191036,0.4883000112643994
227,0.5725134690862701,0.4442471610957196
228,0.5900723308103467,0.7576898396282108
229,0.5990670335205747,0.8049727657870169
230,0.6022165791765215,0.5020035400536523
231,0.6078107157630466,0.6201843326875228
232,0.6443423762462175,0.6144273904526344
233,0.6491943806062269,0.5645884710259194
234,0.6616432048969793,0.33408201373336566
235,0.7068359568970992,0.5899650583223334
236,0.7103461760555261,0.5249699951589242
237,0.7189976536422769,0.8218839434704062
238,0.7309500419444613,0.34038807798019793
239,0.7528060050724179,0.4433867302883284
240,0.7673914535904857,0.7719721664150242
241,0.7752226840166152,0.4075430359237303
242,0.7772951789041754,0.544477409204718
243,0.8313490240777898,0.5710689167416163
244,0.8380891977014356,0.48906162811767095
245,0.8525151312521395,0.2945178015310167
246,0.8727438459245851,0.24239574471667233
247,0.8983902335480005,0.2661044416454522
248,0.9071295887730326,0.19549829140142527
249,0.9401243518043819,0.09692943550532812
250,0.9744783558768632,0.3424030737160954
251,1.0252758806567528,0.27754263276310104
252,1.051717573772858,0.1576278564767991
253,1.1213088973665766,0.08999777645932801
254,1.2388922672803708,0.1099209308150699
255,2.8005974192559266,0.7922767308723212
0,-3.126144112300721,0.18703500744571777
1,-2.219821841021204,0.08267351251659022
2,-2.035738870144286,0.13679735417103522
3,-2.0182196688026757,0.2703356374918729
4,-2.014503512865467,0.2888212141263889
5,-1.9761567095139398,0.21839727232214684
6,-1.9277215980950773,0.3258864784743534
7,-1.911126923065991,0.16119051670829487
8,-1.902936369224028,0.3355353621268836
9,-1.8979488952347079,0.4281503748224867
10,-1.8920817835152137,0.24913340973555498
11,-1.8417971668191608,0.23252063730701036
12,-1.8392719035199974,0.11417176391146125
13,-1.8169742800217805,0.1785576766767316
14,-1.8062573888534375,0.23241987537991823
15,-1.7478882766759682,0.36054489485230506
16,-1.7451566166562846,0.39082124922346717
17,-1.732864130153931,0.6346009874989202
18,-1.7323498600568683,0.625955082382686
19,-1.7267760552510265,0.5142937402094622
20,-1.6978456033824318,0.43053864827360017
21,-1.6856872825919702,0.7408792163756346
22,-1.6820048024073322,0.4317376755550857
23,-1.6765559457130728,0.850427305060954
24,-1.6726750515478097,0.6136954336988434
25,-1.654223467354963,0.9451938775473641
26,-1.6377727799652433,0.5167869744962995
27,-1.6259206182840094,0.42972907851448744
28,-1.6146034244013985,0.7002834347083333
29,-1.581988503843607,0.511375665903506
30,-1.5786297470752924,0.4250671537798885
31,-1.5706324096597406,0.4571513145590461
32,-1.5558050562756818,0.7434204535524586
33,-1.523641314085232,0.5140737902322069
34,-1.5139472626148442,0.492255438936525
35,-1.5096699203304453,0.2520857702924966
36,-1.499087774038784,0.45931257556651184
37,-1.4713888662155017,0.40533278563403174
38,-1.4626849750315387,0.6302541608895414
39,-1.4609438288828906,0.7450163055685942
40,-1.4580527401372831,0.8947904767295864
41,-1.4500710524628815,0.6187694242168644
42,-1.4308096181194823,0.5818277479449259
43,-1.4250365989654519,0.6771373221789245
44,-1.4193987118789075,0.5482779519652595
45,-1.4127055798504908,0.2794911947371285
46,-1.4070045416345527,0.5726354012617892
47,-1.3955322885539323,0.5187603277273604
48,-1.3779794237480911,0.7376206325755521
49,-1.3728164873728628,0.5502448997735528
50,-1.3614881975029176,0.7668638694796194
51,-1.3291865144214423,0.7350817678745297
52,-1.321149891196658,0.5856419333310785
53,-1.3174051178574215,0.8109012543191727
54,-1.309852066453781,0.9259001114424018
55,-1.2886185968531194,0.5623294848443597
56,-1.2786590324589995,0.6821941542087061
57,-1.27383836750697,0.7698566931016885
58,-1.265287366413804,0.9138822202988672
59,-1.2550799882998012,0.8756413228464477
60,-1.2518105624112374,0.48832313539302025
61,-1.2454139874086858,0.684613327940033
62,-1.2391109535154237,0.8596431170565081
63,-1.2293223287632364,0.7730156702424437
64,-1.2239778680603008,0.539651244543578
65,-1.2170652137444025,0.7695177755127858
66,-1.2098676516433948,0.5512548146616065
67,-1.2060815172971442,0.5239744093831236
68,-1.2003895310505295,0.542861785225305
69,-1.1865387943735104,0.3172778832611486
70,-1.1777638917620474,0.9137045194597118
71,-1.1638113952907965,0.8584327428032469
72,-1.1572060052332351,0.8121216540000293
73,-1.1529131008870936,0.9351609593931787
74,-1.1435910926269068,0.5186136726792173
75,-1.1281304844116384,0.6775037234908071
76,-1.1237840571321795,0.7021125711217938
77,-1.1197019245868582,0.7862324630530684
78,-1.1136256913264515,0.7378249926696009
79,-1.1064830771807346,0.6327520890862518
80,-1.0998123763656544,0.6626685613075782
81,-1.096282500548043,0.6341979699100909
82,-1.091331071934348,0.6111624787977169
83,-1.081237653868615,0.5983173095615869
84,-1.063474255649455,0.8946282265408058
85,-1.0518817986110685,0.44853199879944383
86,-1.0439049263902924,0.4957452112314588
87,-1.0401142164805848,0.6502019890593429
88,-1.035190954817803,0.651434057463232
89,-1.024569425610554,0.8004429487291331
90,-1.005540821599015,0.43472688973506324
91,-0.989594998150923,0.5009905177109895
92,-0.9825261712427581,0.48379008616871866
93,-0.9507549343581846,0.7227095789435803
94,-0.9299860481864045,0.5131063018956329
95,-0.9260397433169058,0.7742035084282378
96,-0.9231013073670213,0.7396014575433797
97,-0.9134894490398847,0.6219405667995818
98,-0.8821660840990656,0.42763302924414276
99,-0.8716771604572462,1.062105743145181
100,-0.8284224078728775,0.5597708968491446
101,-0.81184297341693,0.558235285870603
102,-0.8043493389020697,0.257654276462228
103,-0.799842111771104,0.24606244579238962
104,-0.7826043899117769,0.8168976661145189
105,-0.7703797655567775,0.344042026646725
106,-0.7539577584859003,1.0581167507233165
107,-0.7337295088167834,0.5721643387354542
108,-0.7154215343142758,0.6730989581515257
109,-0.7047275287500092,0.62027133520108
110,-0.7009195828747761,0.3848619213501435
111,-0.694306348470359,0.472628824464918
112,-0.6794983050569666,0.7899570638090869
113,-0.6630615545529419,0.6086262467232265
114,-0.6483699581691471,0.7690406573841486
115,-0.6385714533820132,0.4773065677161159
116,-0.632814122695424,0.9810180134753234
117,-0.6001599675569103,0.6212439130689218
118,-0.5949983178223313,0.36163053498848746
119,-0.5897867331851125,0.6627698030469825
120,-0.5817483416996987,0.43401959516879235
121,-0.5736374673570449,0.6802852723024094
122,-0.5714643408084151,0.774616591440017
123,-0.554311125453135,0.9093804244081904
124,-0.5457823948424149,0.693745688847102
125,-0.5417981316947296,0.48566137288828387
126,-0.5292685731790162,0.9953498922599477
127,-0.5207970247343743,0.5851599074090326
128,-0.5180622956257881,0.7651855273111478
129,-0.5063142151700017,0.32200280891258426
130,-0.4869913682558168,0.7112639371818453
131,-0.47838352456347083,0.4593980230037533
132,-0.46026121638875184,1.0433775682612847
133,-0.4429099226855554,0.8091652534667508
134,-0.4401423474934407,0.8206646264361035
135,-0.4322715520078044,0.4811901347527503
136,-0.43035157758962994,0.4954042129467817
137,-0.4230119286952155,0.5397292034079506
138,-0.4069987978731603,0.9059456839115816
139,-0.40485296764319806,0.8426965542409323
140,-0.39588673841788513,1.0425236245243492
141,-0.39075296656462927,0.7219500562671595
142,-0.38654915866597883,0.520390502166522
143,-0.375136403188031,1.04945931580989
144,-0.3622508012280091,0.7189149200988134
145,-0.3477462485914876,0.7838096574490795
146,-0.3235399494372858,1.1088150102679981
147,-0.30333434168046003,0.5881484247414237
148,-0.2964769513784952,0.8118961631179814
149,-0.28184798148158674,0.7757292077445898
150,-0.2653536760691369,0.7533250388449074
151,-0.25375420787169045,0.8467099264029192
152,-0.22178697910631098,0.9020397078597412
153,-0.21845944596107855,0.8354993452105437
154,-0.19770761306354173,0.758710180446551
155,-0.1927312814753419,0.7907703741936934
156,-0.1884781156211073,0.5873897199685134
157,-0.17079480544923753,0.5976979941970754
158,-0.1433512648469813,0.7917161263361157
159,-0.13610642365901762,0.42949432995765124
160,-0.10921079606093698,1.0500150519699152
161,-0.09675530304845005,0.8505782083711373
162,-0.07456216379649176,0.36760488527676066
163,-0.06352922364298338,0.5347443936366009
164,-0.05691787552046014,0.4745601100316571
165,-0.03810693888887101,1.0241277952783645
166,-0.017901707659475467,0.30310924461268673
167,0.0031649654065875614,0.49513654109298894
168,0.00600281135895441,0.7290445957751489
169,0.014606381000892293,0.36834338068141664
170,0.026492628502480863,0.5632367861752865
171,0.03479469288285515,0.485595341309381
172,0.04275822020523691,0.8814029465901287
173,0.04923624274746387,0.5307256397005053
174,0.053289562326613894,0.7319310834773806
175,0.06296845900996946,0.9427325109940232
176,0.0689939695508547,0.6015688780204342
177,0.07457815953083444,0.813109339356028
178,0.08861538909348896,1.0434165676637137
179,0.09200583074818741,0.7516051954028802
180,0.1041521891648611,0.8138174603495038
181,0.11314485771744129,0.7478663594089288
182,0.11457292445711909,0.8076239514320576
183,0.12033078649056803,0.9318948855498247
184,0.12809652167462401,0.801454346852182
185,0.14235223108524864,0.909856607307962
186,0.14790361197652016,0.7280644267473799
187,0.15113156264372848,0.8064580200621222
188,0.16304296855773487,0.7225186521177226
189,0.17177705862192327,0.6367285083095049
190,0.1829389996304308,0.6643453983811238
191,0.19037828585850458,0.6712948059469849
192,0.19337364060149284,0.5033270004348764
193,0.1999948449726998,0.7700635009547153
194,0.21211908780027752,0.7295150268870085
195,0.2244778293953811,0.6454845840112917
196,0.2383944882380131,0.6850335276607031
197,0.2435689783915669,0.838297097516162
198,0.26902430990896986,1.159293381810036
199,0.28911677532274405,0.8624778345317855
200,0.2909981584158601,0.8404731027100403
201,0.29570135414624094,0.6102640931993214
202,0.3026257818028385,0.48661936787530174
203,0.3111594057065127,0.9063465978860937
204,0.3228862300159872,0.6505378579979126
205,0.3311500154349739,0.510609178481071
206,0.3439697874312324,0.2847291413609281
207,0.3669296358725931,0.9246385286128924
208,0.3740558006006865,0.30909799201493526
209,0.3805936716004873,0.8302001868252767
210,0.391240365852398,0.7019796056085135
211,0.4042492294260718,0.6199339512551727
212,0.4204805159415026,0.23614380412503141
213,0.4261553742189437,0.5472424141983883
214,0.45423914581263325,0.8927001740886392
215,0.4750503812432599,0.5621219712707385
216,0.47785314767963294,0.6105910187671002
217,0.48029624890981176,0.7344032270875163
218,0.5007297782864761,0.38137777337094997
219,0.5409010939362447,0.8324112109983968
220,0.5439282755576126,0.6970976813157769
221,0.5615709249279323,0.44865370559805356
222,0.5892659868860535,0.5801547808301961
223,0.5993417065322327,0.8068718779513628
224,0.6083105392979913,0.6666547856412084
225,0.6146841629320622,0.23456642873280217
226,0.6174984530500978,0.27065765689788607
227,0.6379914547449236,0.929372070116714
228,0.6499384084820353,0.8074523826376683
229,0.6582334373087158,0.5850553246174065
230,0.6603932774940636,0.27714497091549833
231,0.6666839364277195,0.5261627303684782
232,0.7043729936427772,0.7684007380303531
233,0.7093197176193213,0.5502965862581826
234,0.7339375808109988,0.6734895722288469
235,0.7507054170545219,0.32694150786628473
236,0.7729258727337446,0.8478836994015548
237,0.7813516303536437,0.7750120369540571
238,0.7862876759321447,0.7601656414577243
239,0.7997664278282397,0.3480031437165888
240,0.811849689699192,0.4422384293897518
241,0.8499962398732629,0.22785662981660548
242,0.8678178066606631,0.2705510856538531
243,0.8831475139860595,0.5641777324494714
244,0.903208180258943,0.20412298619121227
245,0.9117901025981288,0.3751608470711143
246,0.9536061622788825,0.5582579304432677
247,0.9588123531524753,0.4589679258155012
248,0.9897801837723159,0.6122888578868292
249,1.007802090242785,0.6024636934030416
250,1.1077889870369426,0.3516757810835476
251,1.1223341508508557,0.4156658660514145
252,1.1422626801943048,0.4681751132440133
253,1.1715181756308803,0.14944254495768433
254,1.4743005884902791,0.07039000516080543
255,2.670519128266907,0.6916620033336673
0,-3.0833771448406053,0.48263656230327423
1,-1.6542834240561628,0.05490170797271732
2,-1.4900539006862448,0.2458704689327241
3,-1.461569677680859,0.3158792466037896
4,-1.4320558919989512,0.3594464089213281
5,-1.424299751170502,0.47705690115656785
6,-1.3681455866605015,0.3023978306746029
7,-1.32952627830523,0.09056566009433933
8,-1.3101571945975654,0.36579201467744815
9,-1.3057302628244032,0.4292483305407245
10,-1.2932242028225511,0.2262856540774683
11,-1.2819833396831444,0.26668788741612265
12,-1.2584301078729216,0.10775384965614546
13,-1.217367469020259,0.3677702687765028
14,-1.2122635822324659,0.2867937715717048
15,-1.1846138032075666,0.2714667394260476
16,-1.1756920082603455,0.2539909363342415
17,-1.1625132142979888,0.3758410486405259
18,-1.1614810445004935,0.19119594579003724
19,-1.1401163436567265,0.2822681194395611
20,-1.1332125392277062,0.4285236243770012
21,-1.121878873960084,0.5973904406992439
22,-1.1132373293147184,0.636901099067339
23,-1.1086706455311384,0.5470000285006713
24,-1.1026746951823712,0.8550896691521893
25,-1.0711322730543136,0.5992039601824204
26,-1.0586039402265939,0.5883719647669783
27,-1.0502849847234308,0.6267375997441378
28,-1.0468504878237237,0.565268410456833
29,-1.0412098913620846,0.5572574160477107
30,-1.033895188335048,0.5139373125308527
31,-1.0301603392179957,0.6575331682204263
32,-1.025010038658259,0.9532144589789104
33,-1.017550434379628,0.5762202728256849
34,-1.009660909676676,0.8905483864720829
35,-0.9967401253895397,0.44186141281558733
36,-0.9814627757775513,0.5036790945617057
37,-0.9784100249666331,0.7237613548504873
38,-0.9686411583731792,0.4168765639965613
39,-0.9614900081697935,0.8783695214335321
40,-0.9586256591758421,0.7804124890067275
41,-0.9559000369169791,0.19750243012183644
42,-0.9546539604327507,0.8970315927415738
43,-0.9378159167371896,1.0834021850561883
44,-0.9122205687021933,0.7842659606483279
45,-0.9065007428972719,0.47476469350797895
46,-0.9035838894681432,0.5026052530313324
47,-0.8961442854009858,0.37252537558241755
48,-0.8780755003628941,0.8398886140867208
49,-0.8743756686712012,0.5154336718458867
50,-0.8681624611679651,0.8818346375583132
51,-0.8646885915991971,0.7617789833420732
52,-0.8578683238921304,0.8134344432482132
53,-0.8468509983532626,0.9225959907303888
54,-0.8276356131128276,0.9590928343655369
55,-0.8149429922513733,0.23653616806064917
56,-0.8050603540733654,0.7239009094687823
57,-0.7984036621814916,0.8174388468840292
58,-0.7757817428664111,0.7460031832584824
59,-0.7682768085467062,0.8003437374433563
60,-0.7463988595278542,0.7401200314063562
61,-0.7423270385759824,0.8468987938111279
62,-0.7275490176639222,0.6516052937726152
63,-0.7263763223684973,0.819226776320492
64,-0.7195497253171084,0.6984495696503592
65,-0.7149768298753625,0.857728923824413
66,-0.7052178044059515,0.48442836122068744
67,-0.6947180766767618,0.798188247860012
68,-0.6881587546998851,1.0166273765783351
69,-0.6860894801062827,0.9349123112546371
70,-0.6833849186166913,0.8404696966115027
71,-0.6831169906121903,0.6533585814591226
72,-0.6775730483614062,1.085411600452353
73,-0.6695904045175106,0.6584867138923466
74,-0.6667393467731569,1.0491914328554537
75,-0.6605153583964343,0.9083866609823261
76,-0.6597761446359531,0.9050600662046016
77,-0.6508122341402064,0.8064186271900114
78,-0.6388889140497951,0.9130409907921018
79,-0.631162957646946,1.0024933943928103
80,-0.6175269916710501,0.7859402610050876
81,-0.611674248418018,0.6900600842529988
82,-0.6057772595824444,0.7347071703035404
83,-0.6015395473033006,0.690924734115923
84,-0.5883469765701937,0.8789097963617618
85,-0.5751037769373317,0.45576188283543406
86,-0.5744846913070004,0.7893226826786914
87,-0.56887801795478,0.7048463712662144
88,-0.562258896687205,0.6344507008172892
89,-0.5520360794069256,0.8620164888587121
90,-0.5385668545680082,0.9810794950092192
91,-0.5275863112128621,0.850994487783858
92,-0.5223240191002512,0.7211295006952285
93,-0.5155460900328748,0.6893113380888997
94,-0.5114334117943901,0.8199637090414961
95,-0.5004883530992167,0.8920872378658149
96,-0.4840527088462628,0.4338873980695399
97,-0.46374068474098695,0.6983701653228664
98,-0.46284363682442364,0.5929666114166622
99,-0.4370490559142427,1.1441043296907885
100,-0.4161603709443304,0.7069990051292674
101,-0.4117713973551726,0.8626986150624035
102,-0.4087570714619057,0.9153928281792935
103,-0.4070100083619093,0.7278521910546174
104,-0.39482122305777473,0.7469123887884757
105,-0.38997657224920984,0.5945056436716565
106,-0.37760131821254916,1.1290900806077795
107,-0.37149551893049926,0.6940682083362697
108,-0.359963398366221,0.94874332933863
109,-0.3568831336746921,0.5669643680758445
110,-0.35392447395779325,0.8221810743282221
111,-0.3477288786767118,1.1047321003731736
112,-0.3413819245434303,0.5949838146150771
113,-0.32549154852643314,0.7249465259716001
114,-0.30726661713130643,0.5125985568763246
115,-0.2959321230782231,0.9018250189632604
116,-0.2903287961283924,0.739829572927908
117,-0.2708078704183152,0.9947600428226187
118,-0.266316437660868,0.939542606124137
119,-0.25886992683273824,0.5648924319508467
120,-0.23731314412555082,0.9396263991834235
121,-0.2299397458295731,1.1619593060323932
122,-0.19954231363740524,0.7250513082304925
123,-0.18657292789320956,0.8873197571715623
124,-0.1809612433645234,0.9335250631006377
125,-0.16715293809558535,0.7840368868601553
126,-0.15878714356935122,0.611005019369388
127,-0.14768466947954617,0.9052962369515295
128,-0.1450558305096757,0.9724910808325496
129,-0.11768969839769503,1.0953095455938717
130,-0.09622879043033186,0.5928644022413432
131,-0.07941622771378468,1.0464503596350743
132,-0.056295191305232875,0.3415923021224823
133,-0.04387914057556216,0.4358863760013839
134,-0.04104353231059258,0.6691848030746093
135,-0.03651433809900368,0.8625277926242341
136,-0.03360150509100286,0.560308287811241
137,-0.017882625525588947,0.7081602711405934
138,-0.015981257080981165,0.6929300875671236
139,-0.008237672868931076,0.9112377756675968
140,0.000588874841353749,0.6391378205349454
141,0.009643026163087891,0.974513177160161
142,0.019859729499874832,0.8268188093670898
143,0.025933067070816367,0.8426348396457968
144,0.02705455045647449,0.7670931580533622
145,0.03759404702690763,0.7935215630303739
146,0.04571535410326245,0.9965694987331406
147,0.05842656002936197,0.6279072974437518
148,0.06271140312399409,0.7400740761533523
149,0.06376443125671633,0.852955509838645
150,0.07125942344136685,0.7529116832376614
151,0.07690726032190064,0.8723422605889588
152,0.08173389703413414,0.8547193643925647
153,0.0873524807944325,0.5853968640899267
154,0.09986838600250295,0.7349336800643316
155,0.1095921040627386,0.7224182759176945
156,0.11000171271763141,0.7302371857530094
157,0.11980417179023856,0.865723934486445
158,0.12625207122142296,0.7541441572226941
159,0.13595437587748682,0.7470255618940304
160,0.15126722399423825,1.0557978294141646
161,0.1559509042480355,0.780471481492695
162,0.16592165715959978,0.8989466686698404
163,0.17935283016337758,0.4883969638140536
164,0.201634480100884,0.9448998570970522
165,0.21164232830494417,0.7364025464826578
166,0.21552540970663228,1.0035384955789972
167,0.22578495391145964,0.7824977435600357
168,0.2387196335640216,0.7676351732235509
169,0.24430140695278657,0.879125945563225
170,0.24954238352038194,0.7038402554943787
171,0.26021403391454323,0.8852384741974707
172,0.26441146527489456,0.6173104756340755
173,0.2765118971308995,0.6007825282678844
174,0.28511201933224434,0.8442410460548069
175,0.288134237951208,0.911700995505698
176,0.2951850716404856,0.8178103310582835
177,0.30542546527799935,1.00016465346181
178,0.3181847580714049,0.7164300030619097
179,0.3214945676749658,0.8456414330502356
180,0.3231560440675736,0.9132981172684459
181,0.3288691594785128,1.099706731547403
182,0.3413013777834503,0.3109127618496319
183,0.34649414847158233,0.7729620961177719
184,0.34865872978118984,0.9293757303774988
185,0.3536590046322431,0.9553572829385011
186,0.35771253506274586,0.8838018492313165
187,0.3618135816474831,0.7027022345427002
188,0.3729336764531672,1.0782904600090348
189,0.38166917056399896,0.9821060120985398
190,0.38256047207219496,0.504818233524228
191,0.3879105871114472,0.8729232321216079
192,0.4002245427024278,0.6439927196321182
193,0.40416488564387565,1.0871473088070054
194,0.4123966488482503,0.8529759183737444
195,0.41730117014691875,0.9773726242472152
196,0.4285063071942136,0.6665644395668657
197,0.42869330641500736,0.4574881096645475
198,0.43203820807776183,0.9205711576717536
199,0.4343745504868188,0.7018456257766279
200,0.4418093997611437,0.848818175182064
201,0.4602670628385891,1.1048111547907888
202,0.4692787862676958,0.7672044854504819
203,0.48657555329479846,0.5657094324253212
204,0.4938168955334724,0.719068111554661
205,0.4958255649291887,0.7045032553358496
206,0.5063851669168895,0.8698910731356052
207,0.5186732713711207,0.7510499102023299
208,0.5245715443407871,0.7951682473189653
209,0.5290196521218578,0.8137808241571499
210,0.5329016307722411,0.6619901691455283
211,0.5455848845037862,0.35198864150069403
212,0.5566658694611034,0.9396213478351555
213,0.5751510014726268,0.5799057460303741
214,0.5802927992250344,0.6100873366084933
215,0.5836607569549532,0.3583778026519492
216,0.5881005809732661,0.3237205748101653
217,0.5940006027672964,0.6630218743056435
218,0.6245288019312503,0.455899814675488
219,0.6461264756491868,0.8024201042239435
220,0.6589587851474821,0.6732804373496744
221,0.6607178538222268,0.627574049286027
222,0.6740461764046616,0.6164691228181618
223,0.6767976938876697,0.378822821280851
224,0.6865568715818667,0.9181735223629516
225,0.6883667652615854,0.7948478147484348
226,0.7065978523875781,0.7920216676018442
227,0.7152246180093349,0.7019784657496663
228,0.7226154747482713,0.8865157847772389
229,0.7232277269982577,0.8053906492155674
230,0.7257271563026837,0.757761349922168
231,0.7293843545478016,0.6443959727777343
232,0.7452667148993969,0.5209423990962135
233,0.7540911315932686,0.7116779888289861
234,0.7682530963501224,0.6096680003443301
235,0.7723031910692242,0.5328988597046074
236,0.7751459208885804,0.2962329356405534
237,0.8330173859820889,0.29864017594476705
238,0.859013290699927,0.31261716975350484
239,0.8638563407689486,0.4348998621625284
240,0.8746173064049059,0.4002339791268394
241,0.8826485132795225,0.2424024411334243
242,0.892257887839056,0.5041693629073781
243,0.9346235024462691,0.36915233314916696
244,0.9590331813853258,0.6935040689723442
245,0.9709269060105785,0.4520039325911852
246,1.0129224452970398,0.3588402941982886
247,1.0231140290769036,0.33544086429378983
248,1.0302162971549484,0.6041099621015775
249,1.0354068887601051,0.47806941485837473
250,1.0737522780010071,0.25689600914784316
251,1.0924636826828258,0.20884941259619652
252,1.1646444347094467,0.19096128184942654
253,1.226447163978917,0.08785325119354817
254,1.3648017318414671,0.1256513334983665
255,2.9085450529933743,0.7945374644326436