0,-3.0436104776593216,0.5518385393352704
1,-0.24371798259976185,0.09590235392533306
2,-0.2350433178070797,0.22470647519198797
3,-0.22750841426583304,0.23993023072764968
4,-0.2247355429257695,0.17192459968433382
5,-0.22027458318512697,0.29039938801278015
6,-0.21382006903478357,0.40036023598382303
7,-0.2127389788774561,0.3773900618286201
8,-0.21238184148970227,0.5908389651611875
9,-0.2101574790583463,0.6090229399629689
10,-0.20683641264920422,0.2941935787434777
11,-0.20402988479062456,0.30837721018347786
12,-0.20224103482542793,0.46007979461165804
13,-0.2006790097477376,0.5598478411039218
14,-0.2000672529857085,0.6677255893861066
15,-0.1970979333676279,0.28292943691695827
16,-0.19553171258510468,0.48986085070412305
17,-0.1931802220524475,0.5427611140499689
18,-0.19253948085045483,0.6328769459708485
19,-0.19178672973716093,0.7140237748794279
20,-0.19062147317641034,0.24419123298872897
21,-0.18999997317145234,0.4331046615306171
22,-0.1878977319195764,0.6240423387037337
23,-0.1868627346645378,0.38729769838339123
24,-0.18511868282387714,0.7099573590547069
25,-0.18309721886127497,0.4750226268014161
26,-0.1820987509840136,0.4535827244046786
27,-0.18172233419452763,0.6541384966789029
28,-0.18085174854268618,0.4724939086264248
29,-0.17972240070261478,0.7702064757678713
30,-0.17839787523355377,0.457751976063902
31,-0.17678666581901142,0.581799117292465
32,-0.17250850857999123,0.5649894155795671
33,-0.17176475010891937,0.712193292139486
34,-0.17168435742123947,0.688534167407849
35,-0.1708534017741336,0.49979520289086726
36,-0.1697057557965873,0.4853660869036298
37,-0.16780188325252252,0.26931364801150487
38,-0.16681301759335876,0.48631641760354527
39,-0.16614621586439302,0.6752402609612858
40,-0.165106712160161,0.8118146888982986
41,-0.1630151658108584,0.5286007442225209
42,-0.16196675816154119,0.6954930364269536
43,-0.15999455971805077,0.6070737244689521
44,-0.15882894743821754,0.7247132858316979
45,-0.15652801522719445,0.5237984461823817
46,-0.15522371099931265,0.6227867427016678
47,-0.15432552590569198,0.748567609478858
48,-0.15384042692736935,0.5864119048935708
49,-0.15363501675484018,0.7176928435241549
50,-0.15335202076932894,0.4136867764640776
51,-0.15269474616236894,0.8068054320119276
52,-0.15213879821698015,0.322643111732961
53,-0.15050301149181033,0.8146107723164631
54,-0.1499331321364038,0.768405579790417
55,-0.14912663170106455,0.6463242986992204
56,-0.1486055708134651,0.6616619729059101
57,-0.1483407743356904,0.700533473024683
58,-0.14815690547741167,0.41441348670688355
59,-0.14649097806035372,0.7861874677367537
60,-0.14486159244043498,0.8155336857742712
61,-0.14327742586746656,0.6623585757491811
62,-0.14038919700355953,0.5172672703784057
63,-0.13975921870551977,0.5993970251521903
64,-0.13852230853266803,0.7123661398774817
65,-0.13800998355924676,0.7648255826650414
66,-0.1372130624911562,0.9770581711094183
67,-0.13567885929452703,0.43029274448979044
68,-0.13540375737170063,0.6469715791464359
69,-0.13423008664404498,0.5000149176485789
70,-0.13319109178896213,0.8218230894664441
71,-0.1316026569927518,0.6955276994419117
72,-0.13083503505397218,0.6756986137042618
73,-0.13013236617947546,0.8334279771003391
74,-0.1299431116442425,0.7286552027029627
75,-0.12913008677584673,0.5881544768944467
76,-0.127325424868082,0.613832192242728
77,-0.12709716130143064,0.7064799486721676
78,-0.12629855167297932,0.693335529759138
79,-0.12592797203302145,0.7399317646054784
80,-0.1257106835799947,0.6433603698845078
81,-0.12498234080682123,0.6456323795862834
82,-0.12428577519199412,0.8450732047399815
83,-0.12350372468799009,0.6905056590118809
84,-0.122728345629714,0.9336247093216363
85,-0.12214850077789449,0.6187007199622474
86,-0.12165416652271595,0.6240919025523493
87,-0.12112165156297752,0.7469622388985657
88,-0.12078419185401724,0.7043393814053083
89,-0.12027699974796979,0.47102724466792856
90,-0.11935526892334669,0.9127622279005301
91,-0.11859813503609071,0.8044501751479067
92,-0.11691676516348216,0.6609397257027217
93,-0.11613640749949351,1.0588835474273668
94,-0.11569003731846415,0.8642770922594791
95,-0.11458285683869908,0.8675817303978892
96,-0.11365478538065887,0.9272037119051948
97,-0.11227973011520488,0.64418018410576
98,-0.11059757140910806,1.0317716619809032
99,-0.10790359793967165,0.6740375513883005
100,-0.10725240368856932,0.6438025097356002
101,-0.10711942726306578,0.3572184268174447
102,-0.10443347936735117,0.6468440649292347
103,-0.10360391825808479,0.6717396837239066
104,-0.1007815431242344,1.004161618629523
105,-0.0991728398929537,0.39873622593392316
106,-0.09809663653785973,0.7150768734059535
107,-0.0970520880147531,0.533440669521975
108,-0.09543153643395788,0.860264876118604
109,-0.09476200457626227,0.4464233280476427
110,-0.09385012255838082,0.9413492299195252
111,-0.09221598608097281,0.7849633794016321
112,-0.09010331020475851,0.8120408283151134
113,-0.08996932626492476,0.7961668060429251
114,-0.08897665710801961,0.7670218171067036
115,-0.08774338282636535,0.7158373549727031
116,-0.08654691781791846,0.5355078319881132
117,-0.08614188746387327,0.686576190819648
118,-0.0838369203700486,0.9556521313524341
119,-0.08161441918063143,0.6169861135788528
120,-0.08139442999253882,0.7016434455835165
121,-0.08094811510356856,0.6398824286353388
122,-0.07987150567025596,0.5812844385600427
123,-0.07832998369334754,0.3392194747733793
124,-0.0762178366543424,0.9057078696529242
125,-0.0727460119418468,0.7188221012565414
126,-0.0703793134855862,0.7206014676620617
127,-0.06931921621958909,0.7425145547823988
128,-0.06815432280080434,0.739056696111923
129,-0.06759764043865522,0.4247089856613412
130,-0.06580067448888893,0.922707994764957
131,-0.06129143804464568,0.5803805325663717
132,-0.060578135785395074,0.5761650241625081
133,-0.05852196135091841,0.9530759280910887
134,-0.05807071991214571,0.6798808482107277
135,-0.05661502308472553,0.9553833038752251
136,-0.054469978911143524,0.427109425784401
137,-0.05254170848459722,0.6509101774478858
138,-0.05031614073711703,0.7394419716700869
139,-0.04998613524369362,0.7887465295484365
140,-0.04882054886673163,0.8568875700494364
141,-0.04809320090257586,0.6972322706676284
142,-0.047754064861002705,0.5773385684525814
143,-0.04734986226695691,0.5651053833913529
144,-0.04701682283114623,0.6059031652920294
145,-0.045754054420790634,0.6292674321113176
146,-0.044675022918425115,0.5407700736891456
147,-0.04376978816134208,0.5041399193168012
148,-0.04322843887290473,0.37105449515552363
149,-0.0423887493440713,0.3046930757509148
150,-0.04054733843716427,0.6330304597510868
151,-0.038062464132079005,0.8184260950834443
152,-0.03653427839979512,0.2678524442177026
153,-0.034857622203109735,0.4726356826552201
154,-0.030073228051495947,0.9108264354727342
155,-0.02814568956780964,0.5047913660176775
156,-0.026963485564180514,0.5880580987698909
157,-0.024984266590018085,0.9246373872966246
158,-0.021812433127814383,0.7416884251552098
159,-0.017769607208631123,0.691325894361404
160,-0.016425328567750058,0.6676435457190837
161,-0.01604477930024367,0.8134457058280654
162,-0.014673826344856847,0.6767175919718114
163,-0.01398046207266527,0.8274505739549229
164,-0.011795186794000101,0.5605066403387937
165,-0.009194133926950362,0.6004087191302133
166,-0.008923577577781441,0.5333866878796896
167,-0.008591879007031247,0.8364925783002444
168,-0.008429600275324495,0.7974137110080555
169,-0.008240783314871753,0.7045449992768813
170,-0.0076259807755098925,0.8499395951066693
171,-0.0073083906040961304,0.9035948664236906
172,-0.006089497266062438,0.9557931051462293
173,-0.004862106251258623,1.0201845906936438
174,-0.004164885349781678,0.8941870971981971
175,-0.004009536960926285,1.0501320274840453
176,-0.0035987232097391417,1.0353639145640172
177,-0.002981917298031257,1.0151188013256687
178,-0.0021386232522122737,0.8516910046003965
179,-0.001821213901655768,0.6961471853178508
180,-0.001112315398615672,0.5712410443854212
181,-0.0008920852725630802,0.7285099456247628
182,-0.0004967398238617221,0.5337912276236201
183,0.0002636033603899032,1.0791969047942898
184,0.0009210695768681902,0.9772192608820911
185,0.0013443102174841611,0.691304388104172
186,0.002909505473559424,0.8876796077561396
187,0.0038927014795027515,0.5804063297612475
188,0.0052927151927616165,0.8476403204042642
189,0.005726135103449258,0.7225677143861615
190,0.006055058299684679,0.6865334770446303
191,0.007777180669431638,1.0583861111954742
192,0.00920095120616076,0.5400185723423452
193,0.009986502055824631,0.5325815261072613
194,0.01059274487553259,0.5711394085301164
195,0.012376358646329992,0.728393228656626
196,0.012667760896288531,0.36210675992871666
197,0.012961239782684276,0.4315586324668946
198,0.013542227521172564,0.7864209894378873
199,0.014939481593261899,0.5486021993731116
200,0.016156113795273815,0.8277539191152206
201,0.01692712082913091,0.6535340313499779
202,0.01776713224806185,0.715399120488616
203,0.01934324284256974,0.956766552517048
204,0.020277636447560816,0.746062134140411
205,0.021140092631245114,0.6955095581135585
206,0.02183271769818042,0.905402966905669
207,0.022230813406915313,1.0474835167295307
208,0.022406637201801544,0.9105762500091137
209,0.023279220087764792,0.39536515014521695
210,0.024269860743089466,0.6676053394322222
211,0.02481650533874326,0.7246376929517155
212,0.025246247254396323,0.6479369272060561
213,0.02546450657835538,0.7611850450742278
214,0.029251565955303878,0.9253187518195728
215,0.02976743000169015,0.9051073599357049
216,0.030356855101203215,0.6237331005153826
217,0.032015629179161675,0.8792070238412315
218,0.03323983320754471,0.8113184081657064
219,0.03427649868354697,0.6109624909172566
220,0.03467183808777347,0.5689788955828267
221,0.03544380451481911,0.6967606652092228
222,0.03739930594863499,0.41586942622899
223,0.03834553628219759,0.6677259745640318
224,0.03934985506375383,0.45712214313886573
225,0.03979073902470243,0.4702165432256924
226,0.04080091068242562,0.4003682553714636
227,0.04438722340493045,0.6402366217661152
228,0.04549850190413371,0.5336083731241095
229,0.047945929207401344,0.42838673561423235
230,0.05067369292878684,0.7227725044353283
231,0.051126275341117404,0.5281431154151198
232,0.05247265531762743,0.29751951042474606
233,0.0536103166726874,0.33752981240964147
234,0.0582645701519123,0.5985249724216902
235,0.0586081251392799,0.5288817522053526
236,0.06123107651124226,0.4946498144261141
237,0.061850868257911834,0.4716529748989965
238,0.0634949731925462,0.22608528777323902
239,0.06471736249471248,0.578379595300342
240,0.06765102174089287,0.6888205512607908
241,0.07186840115032225,0.908949145895461
242,0.07217294735261955,0.5627204097860139
243,0.07238804206433541,0.6877522866190656
244,0.07462515919441198,0.5317068208544073
245,0.07614764558059603,0.6057776668047007
246,0.07731928749561362,0.8017761146764655
247,0.07861237041859404,0.4935780861971518
248,0.08046000326780885,0.5401045579424212
249,0.08478000187803046,0.17843445572404176
250,0.09156363199504877,0.3000389437172927
251,0.09437402296985008,0.2256751298697835
252,0.09630181207148693,0.14898342292967698
253,0.10351924317929939,0.20936424690300548
254,0.11356309034544194,0.06681798185069013
255,2.9783365287262447,0.6745371702734164
0,-3.011099069978971,0.6461777064450093
1,-0.12262052611385275,0.4856133051847607
2,-0.12178305175791504,0.5341284829691452
3,-0.11678949303449113,0.17998729098764982
4,-0.11184056928128976,0.2400318422534833
5,-0.10636894499395165,0.0684448471359474
6,-0.10391656213996789,0.22484139572967102
7,-0.10141545530149444,0.6121251788928294
8,-0.10125507287327697,0.7007249477291677
9,-0.09992963207802462,0.6751367790327989
10,-0.09882353314647443,0.40833453136562026
11,-0.09815376311157699,0.6070161251275867
12,-0.09422059271888902,0.4272189086392493
13,-0.09288974866739835,0.5774293429134008
14,-0.0924985271816353,0.7555591249880127
15,-0.09103549235852326,0.9259391365907225
16,-0.09008200706199826,0.45202936880184447
17,-0.08916948889560987,0.28685809572963633
18,-0.0876843735954134,0.3781691381291541
19,-0.08642960645649632,0.49543919508890044
20,-0.08607441897632954,0.6158301171010239
21,-0.08439056856763102,0.5247900837614197
22,-0.08404670800175974,0.35665498548181723
23,-0.08357574061881477,0.7498157106529343
24,-0.0833567034562734,0.8960344100356203
25,-0.08198016776176882,0.6758175938064375
26,-0.08120638406443703,0.9233091691878595
27,-0.08059935107792432,0.48793894879150423
28,-0.08023918557837974,0.842893525463543
29,-0.07979004232295893,0.9526109952886997
30,-0.07918222599985295,0.7450493557662828
31,-0.07821442522480244,0.9750094800207175
32,-0.07538705277676135,0.56931726062576
33,-0.07455230955420179,0.32778042333492174
34,-0.07376297499784502,0.6974829943948855
35,-0.07262487290752383,0.5371313181632476
36,-0.07225703518917279,0.8682968740411193
37,-0.07088468549795358,0.40552821073513384
38,-0.06929471536100709,0.5989185879376812
39,-0.06768599338212276,0.344585093191869
40,-0.06736900450780055,0.6783771286917154
41,-0.06634992017650536,0.652984164856207
42,-0.06477214865371636,0.6492791234831942
43,-0.06308938838442829,0.5167554503675597
44,-0.06223203678276138,0.622603375629296
45,-0.06130730580289215,0.9175178151153871
46,-0.05973859581089526,0.544557280820891
47,-0.05918451477002988,0.4296336148074021
48,-0.05882708725280212,0.6819730534696238
49,-0.058312622320831745,1.0313704375531774
50,-0.05775376685595788,0.5799550222515029
51,-0.056827651279118166,0.7171746031057465
52,-0.056129807526347254,0.7959577914449603
53,-0.05570106783413575,0.9093499279208298
54,-0.05474720953967171,1.002168664383924
55,-0.053694771051420113,0.3676591375468951
56,-0.05312547245721822,0.7620220262973918
57,-0.051854884419171555,0.9787332816822988
58,-0.05114249883811381,0.47549008788560265
59,-0.05037535663137492,1.0127342111685942
60,-0.049489187325717575,0.6494863308450219
61,-0.04891427320117937,0.632866074268034
62,-0.048298256297404404,0.30991716659153234
63,-0.04761564762663235,0.6515223843944248
64,-0.04687633839317019,0.8092609660497131
65,-0.046773895621805346,0.6642605057957947
66,-0.04603102398256264,0.9262446123622373
67,-0.044867349407393724,0.5595955657224966
68,-0.0438455598928645,0.9333159106847971
69,-0.042883965328697066,0.7140168460354506
70,-0.0427811651155353,0.6262785154112067
71,-0.04208691939570811,1.019976302384316
72,-0.04146492047696002,0.6732249740007225
73,-0.040761764220009565,0.5859192530003552
74,-0.03962282529009819,1.1725097554368629
75,-0.03815138865244127,0.6031021031433578
76,-0.03770131258700461,0.8468383745087091
77,-0.03720871231096837,0.9846091123171
78,-0.03547851547328619,0.8829573459024699
79,-0.03475521217515307,0.7292212778277549
80,-0.034003508302738704,0.6505816306154661
81,-0.03311926332600544,0.5040341147098244
82,-0.032258461005742395,0.3578481703078565
83,-0.031972382228871166,0.5813260840736324
84,-0.031255803498976824,0.9414260930650045
85,-0.03012556557149454,1.0372583909392254
86,-0.02845275990967799,0.7025159467285986
87,-0.02799731322135608,0.7277226699780498
88,-0.026463794579036082,0.8681495633087635
89,-0.024548879751808538,0.5043814062307405
90,-0.024146994246274957,0.5311579549236165
91,-0.023202037196963753,0.9133606218373029
92,-0.022795538153378262,0.6899557905847081
93,-0.02213729420535806,0.5747242235395722
94,-0.02176993361218056,0.761887644934982
95,-0.021121443972700046,0.5933451276949986
96,-0.02002526153330131,0.7890014540220638
97,-0.019410643757400307,0.7822515493219719
98,-0.018421474576527916,0.6666288867339293
99,-0.017440134415305238,0.9802891305752253
100,-0.01624162557366566,0.6509232907020323
101,-0.015968088824687962,0.5425540183890065
102,-0.015523944464716477,0.7122976425763411
103,-0.014387733963827549,0.37655851686010433
104,-0.012124213785941192,0.7936137311222762
105,-0.00923903269091136,0.9666019115215004
106,-0.008463305327396205,0.8569377773976049
107,-0.007536822522994745,0.6297527995294805
108,-0.0061883399133143445,0.708063407204754
109,-0.005874621623368196,0.725855495674073
110,-0.005402458839719288,0.924582770265289
111,-0.003936069864252881,0.8803462028281248
112,-0.00299825468379701,0.6104322455024307
113,-0.0027402544999542504,0.5232880517944418
114,-0.0026396776565575587,0.5254239515514426
115,-0.001905700171705689,0.4323262453238065
116,0.00021843619039616538,1.072230777883756
117,0.0023643079404997735,0.46872901032039144
118,0.0032962718064683014,0.7388384138090488
119,0.003977945813027743,0.7380904042363859
120,0.004633300019391788,0.5657577276582021
121,0.005625665655140158,0.9746110122691167
122,0.007971690827577298,0.6522953473856928
123,0.008498502775067597,0.6965579043904703
124,0.009626247884897816,0.9868290475168895
125,0.010908573857284469,0.6773096228279057
126,0.011752114125895618,0.7519505624246788
127,0.012180986383975898,0.6603338510038672
128,0.012972645566893596,0.7413743836177268
129,0.013181622522193025,0.8046718700471032
130,0.014115708833798122,0.5979582902466705
131,0.015206781803529974,0.9860725816242654
132,0.015293979712288113,0.7300705636307491
133,0.01534455343927635,0.9257005632924179
134,0.01612139087033956,0.4239526663193592
135,0.016837645491674207,0.753977609707059
136,0.017269727194092647,0.8300759308974335
137,0.017597550052447234,0.6621774758921476
138,0.01818083759612662,0.6563920187969895
139,0.021024365513195708,0.8437763505973962
140,0.021876260608693708,0.5127080907547595
141,0.024909471354787577,0.24890564055803133
142,0.025362411008793415,0.9563429355497589
143,0.026306298153490823,0.824135820195785
144,0.027750106766173344,0.8341181914033796
145,0.028608622202828,0.6021495300526023
146,0.029265713987884575,0.31340360998264954
147,0.030400790604494923,1.0450070948435028
148,0.031512726395149605,0.5039610862352959
149,0.032744858232487566,0.9076114685284677
150,0.03466177711857092,0.8701303537037793
151,0.03656981285641014,0.50383904489297
152,0.03700533623038933,0.5676302541992221
153,0.03847946300779571,0.9177206556661323
154,0.03913542768815504,0.9191345857181424
155,0.03963451902519415,0.9926222669087288
156,0.04102384720438411,0.7132818352723248
157,0.0412345817808374,0.7657696386347893
158,0.042016325109594466,0.6401794120741007
159,0.042920716000532176,0.7749986287561523
160,0.04425964938535934,0.9053805074569884
161,0.04632530943232249,0.9989095393770103
162,0.047406178871634064,0.5260775493124743
163,0.04777031881178146,0.6405365854126359
164,0.04784790703450187,0.6675202200838661
165,0.0491120332694557,0.9775758147889625
166,0.0509820057295598,1.0183551488808724
167,0.0524777204604007,0.28673373801725455
168,0.05324044321033589,0.7667635222538783
169,0.05439403198593836,0.7929645107990286
170,0.05479490587294059,0.6042746548758379
171,0.05546541670528494,0.9158301463364522
172,0.05596178981237011,0.5886110021001356
173,0.05712132273364738,0.6678788550527072
174,0.057242021291640785,0.8890873557392043
175,0.058309564930156536,0.6084783268202635
176,0.059854515964974354,0.6525421899076478
177,0.06060374990093814,0.5706173342182214
178,0.0619592521703457,0.8127053987113584
179,0.06382542353953082,0.9232243773206057
180,0.06498259447844065,1.0734627872693034
181,0.06639139628682539,0.5606757570737755
182,0.06688089710197753,0.869671246900329
183,0.0677654928783277,0.6833704920819692
184,0.06806972931661052,0.6117231007519224
185,0.06870947061547575,0.726415497459623
186,0.06894100037170957,1.0128427668301276
187,0.06942314701166713,0.7324472018868811
188,0.07033531095421075,0.8753102972009483
189,0.07065620372811553,0.6597321018994582
190,0.07149909684842118,0.8964633937984128
191,0.07251346929241913,0.6337013177252908
192,0.0738809532393613,0.9789758044869872
193,0.07408381980554309,0.6170270904665921
194,0.07432157732095004,0.8500516425670052
195,0.07488446261311568,0.7769974172282615
196,0.07525839776921593,0.894250251286592
197,0.07562808833315936,0.6207833935065408
198,0.07628815778228261,0.6083394302971362
199,0.07683304484421305,0.6626701852427912
200,0.07756216957507973,0.8170318287427798
201,0.07807345533669277,0.8212735329272961
202,0.07821086302597681,0.5937546018841312
203,0.07840298717960117,0.8146646681250185
204,0.07904788186644604,0.5506977793526322
205,0.08208284190671367,0.8365841175665918
206,0.08267162707621464,0.6189005456718283
207,0.08420546965063082,0.694341104035619
208,0.08478017761341464,0.8483900708303778
209,0.08524127670448493,0.4340322395860059
210,0.08594259843707869,0.6094093024283167
211,0.08954283079085354,0.5724725699572272
212,0.0903127495913063,0.4719758811154461
213,0.0921524237289511,0.18985006367578955
214,0.09333621099363101,0.9871756295577587
215,0.09451000589053912,0.6497321775918474
216,0.0948769259991984,0.7635490496665807
217,0.09666018039512597,0.7618571242674567
218,0.0973182793159276,0.15433976086019469
219,0.09841331738266332,0.43286093504231893
220,0.1005413382314221,0.9719011378629416
221,0.10181596069231358,0.7511780970596837
222,0.10223459821038286,0.33397736305989056
223,0.10306206011412274,0.6477049874256
224,0.10592341588180322,0.1777844816146444
225,0.1066409874286291,0.8640958328004231
226,0.10704713319928534,0.3911401532504928
227,0.10773061676238627,0.6161779159725111
228,0.10876074710156194,0.6708648486201069
229,0.10907962975600319,0.38259190737800486
230,0.11235729678296098,0.16751803644314364
231,0.1129705759924309,0.20723364314637377
232,0.11613725164383945,0.48056078319777873
233,0.1174896061545902,0.34373474644058744
234,0.11872545497444924,0.21127653313789593
235,0.11969147144326264,0.4319708245116811
236,0.12049130107620032,0.7055003717209607
237,0.12074248441113601,0.5223717774360719
238,0.12138147177739013,0.38319161480069974
239,0.1242092319238433,0.49937915219570655
240,0.1261138461676077,0.5650331473384091
241,0.12733855256170165,0.6094702677247145
242,0.12834548499101658,0.39997603257203374
243,0.13037052688483666,0.3995203233603853
244,0.133794446655081,0.4041836945981785
245,0.13480790136497586,0.4037139009138692
246,0.13851302241229066,0.38445319381581217
247,0.13899399794067,0.39355369372251764
248,0.142125453964681,0.19309412778523635
249,0.14518835173205583,0.2610440386506049
250,0.14845545136263166,0.2169428244527222
251,0.15217401362307478,0.12476606225878253
252,0.1556012306029658,0.14166342306471486
253,0.15811209054469444,0.13200531994447848
254,0.16886146349086445,0.10908244503587285
255,3.023822781692671,0.6207782572727173
0,-3.0289247908119883,0.6100205139074691
1,-0.16734370347537175,0.4702332648781038
2,-0.16686099973795473,0.4822034719154199
3,-0.16483903977449016,0.27072468139649397
4,-0.1594259981659101,0.3190062946640917
5,-0.1585968635845057,0.334722393883501
6,-0.1569206129435926,0.4066804840884279
7,-0.15540009979814698,0.26592438442266575
8,-0.15504210186247358,0.3492974280657158
9,-0.1544442689462722,0.7036318106001341
10,-0.1524718172326415,0.3217833530705455
11,-0.15101106779514212,0.23951500894701194
12,-0.1485990171072927,0.5028501668038642
13,-0.14611846202885692,0.4502846399939334
14,-0.14364146805644878,0.43525916198028686
15,-0.14196401377409087,0.19022695434258952
16,-0.13955598158065546,0.22894452481494038
17,-0.13932425738003223,0.2934895465458559
18,-0.13840330173812845,0.38458549627072114
19,-0.13362864736398747,0.5004546180455084
20,-0.13348180961377043,0.37069082539048515
21,-0.132867478417806,0.6348564769189122
22,-0.13122012936801522,0.489282221412768
23,-0.13056167882469152,0.27232051707146676
24,-0.1293164995869534,0.4631965809157381
25,-0.1272224245202783,0.7486757802805502
26,-0.12359841157471989,0.5217182386726441
27,-0.12310292490149545,0.21642386638045097
28,-0.12242949441216473,0.4543506791001528
29,-0.12138329840109884,0.45376738952968854
30,-0.12054284196279495,0.5056966074864097
31,-0.12042075385040844,0.6714229562324436
32,-0.11986196056860345,0.8962600014387956
33,-0.11848876050767967,0.701549470809339
34,-0.11824531270213887,0.5820738265288803
35,-0.11690473589346845,0.5925827641670312
36,-0.11651991062915554,0.6225720830861607
37,-0.11625233938903624,0.692744574029909
38,-0.11528331256015842,0.7851401077395126
39,-0.11436367528180778,0.5712295892501841
40,-0.11369207996740417,0.727984678686158
41,-0.1128333156334257,0.9327265550042043
42,-0.11176487448761649,0.8499324503042499
43,-0.1115919670806328,0.5690356943336771
44,-0.1113523526622513,0.9235263556416026
45,-0.10987044570940209,0.7098310030815854
46,-0.10919566992940732,0.8315493455081338
47,-0.10832536809252488,0.5425558871002625
48,-0.10766583324738295,0.6939598241906889
49,-0.10644809199991964,0.658784115097739
50,-0.10612732164422067,0.7367259365167169
51,-0.10588569839683652,0.8016397452363326
52,-0.10550677932228425,0.8835030307724205
53,-0.10512272863594534,0.41098860877713184
54,-0.10497749057927704,0.7036971189560357
55,-0.10456229830921364,0.3502263671123329
56,-0.10445002033603284,0.646585294697691
57,-0.10370105854987458,0.9232715379059391
58,-0.10243350028839299,0.5815174999305696
59,-0.10210635278120997,0.4370682313834433
60,-0.10091023241809059,0.5967650263354025
61,-0.1003338369825022,0.47321952416443347
62,-0.09943942174255752,0.5302551839308514
63,-0.09860391155693785,0.5626319177902562
64,-0.09775412981464646,0.7044521453365877
65,-0.09641720942861016,0.5963991652253838
66,-0.09575685141541651,0.8331470064554818
67,-0.0946893648574005,0.6761933840609156
68,-0.09414681051387842,0.8875504255631178
69,-0.09299021540340927,0.5091887274792574
70,-0.09108442580521176,0.5489739919466724
71,-0.09101809355174462,0.5181374298218008
72,-0.0907886055573911,0.5876204210470312
73,-0.0902662055043229,0.7232607160464847
74,-0.08928620104779185,0.5958491508634997
75,-0.08898237983673699,0.6333331026739211
76,-0.08763269332689334,0.643992928729711
77,-0.0863147673363079,0.7261187145599505
78,-0.08532130941215096,0.7535682850912325
79,-0.08389229668293506,0.4837750566879715
80,-0.08333383515283245,0.8261859955961502
81,-0.08250925389323398,0.8206121562834622
82,-0.08155912493468104,0.8193553184901599
83,-0.08065127129984984,0.7659103115040338
84,-0.07978384998899099,0.5684963108584443
85,-0.07826735030257577,0.7114591929367865
86,-0.078088781146745,0.5181016542856578
87,-0.07727205744775026,0.9359996928453054
88,-0.07508799709142763,0.3158076987676354
89,-0.07395813889382602,0.5182708268778924
90,-0.07305418677575021,0.761314277036871
91,-0.07279139093077522,0.8592062332446077
92,-0.0719309125322073,0.48322338321900493
93,-0.07162717005092162,0.5798506151715971
94,-0.07103352796248456,0.6320142170414389
95,-0.0705079457721561,0.6703091942454289
96,-0.07007987843678182,0.6874296607332724
97,-0.06920796119671764,0.9843411377568184
98,-0.06818897380767774,0.8102440561074431
99,-0.06795241155942527,0.8553682377919684
100,-0.06756635886355462,0.45748927655512606
101,-0.06630287372711302,0.8945483220152446
102,-0.06461022131884393,0.611556503013079
103,-0.06425534710788611,0.5313005246289951
104,-0.06415104618723975,0.6719957188222938
105,-0.06340554050520034,0.7645959832734602
106,-0.06233121217733485,0.5716682828960811
107,-0.06182572926133816,0.617648612774526
108,-0.06018154970568951,0.6468302644805272
109,-0.059590376010468946,0.7125354948258669
110,-0.05923048984105073,0.7592613076612801
111,-0.058182233686622585,0.40630505186184557
112,-0.0575745918674647,0.834334995900656
113,-0.056362256690269716,0.5256088441654339
114,-0.05554804556406808,0.8555837397659349
115,-0.05489162977339285,0.6819392685621757
116,-0.054106428241014,0.827534855922588
117,-0.05298820893626688,0.5341230121730234
118,-0.05166888073351647,0.6175428293136034
119,-0.05093616225967513,0.3885348269846447
120,-0.049159776950291924,0.5440457102909128
121,-0.04817203317069893,0.33532930085596346
122,-0.04644071307364427,0.36195829681084446
123,-0.04543816226867437,0.313682409526237
124,-0.038344740660413434,0.7559215027617594
125,-0.035457934581611,0.369568098070516
126,-0.03299869134167668,0.698507655680739
127,-0.03174643517065092,0.5674564105419777
128,-0.023776426259238134,1.1775665843336658
129,-0.017511927419725157,0.4581173894666173
130,-0.015521837882439014,0.6367157190151604
131,-0.013659775027243201,0.6632711574760778
132,-0.011633992653643638,0.46220218583920747
133,-0.010967590708271581,0.555759670518453
134,-0.010105855496925959,0.6274632547650831
135,-0.00797975259067891,1.0332259130568884
136,-0.007183796858159825,0.6758503945317592
137,-0.0044976423002867074,0.4569114577886163
138,-0.003895187645315908,0.6709759817653729
139,-0.0024725030919135736,0.6987819034279107
140,0.0006376454190041626,1.0364236955939623
141,0.004029423878949141,0.6787089473710654
142,0.004355515581448747,0.5990747863199434
143,0.004984704694821262,0.6718057407521705
144,0.005173715796379876,0.9475056797021327
145,0.005296043271336848,0.6472408142668413
146,0.005939748771967736,0.9908681310668161
147,0.006181665598027409,0.6536211746289134
148,0.007938836600089427,0.4367146726993336
149,0.009912663306158547,1.2546744362985285
150,0.011259449361844141,0.3173811133454281
151,0.011793493246272237,0.6523543059370347
152,0.012415429797398812,0.7773602481975752
153,0.01514780283402295,0.44049748237592085
154,0.015549109112433238,0.422727528476539
155,0.01690656528144898,0.9524015095649567
156,0.017689727254198262,0.6609029627732286
157,0.01783574890046107,0.3948408199950739
158,0.01833894214120551,1.0325533569426517
159,0.020382462831976023,0.7487305839200438
160,0.020791142477216723,0.6598646541837226
161,0.022099052071388042,1.0441683948336384
162,0.023113781619111654,0.5146954104549755
163,0.02358575517162532,0.5763441693286507
164,0.02485980816633386,0.9970472755651509
165,0.026561481764643426,0.7782038852733593
166,0.028500260048862032,0.7523169883482307
167,0.029300208284645222,0.9917579768478688
168,0.03026506917655855,0.7260759759962353
169,0.030877811836006294,0.621743878909499
170,0.03321704315199146,0.9402633600281929
171,0.03344437891546265,0.697235623172235
172,0.03348226881130172,0.8207105514529762
173,0.03400295553366951,0.6478656954274077
174,0.03430961895754636,0.3427341055327836
175,0.03527563742431699,0.9340716620993837
176,0.035787153767296666,0.6660221752732666
177,0.03600031315216978,0.827262313847694
178,0.03812359927857789,1.0730474778166919
179,0.03945667725936901,0.6910941471949907
180,0.04009435631289699,0.680490741980703
181,0.04049690119388651,0.8104968680136138
182,0.04089063851032101,0.5017001772063192
183,0.04108503866755525,0.7191594269536039
184,0.04162037725780017,0.9179219956358058
185,0.04209087803981929,0.6025580961763539
186,0.04267846445501244,0.902453732208334
187,0.04364182800808404,0.7966322725464828
188,0.04434037819401832,0.7786445518772781
189,0.044783637334062286,0.8933088756514787
190,0.04577909602668023,0.43971956945094715
191,0.046796540170903345,0.7844813109373321
192,0.04767812897629619,1.098312033053114
193,0.048341341128493594,0.37074746964836836
194,0.04909368017658718,0.39905213741516427
195,0.049629961732460114,0.8737593356172587
196,0.05140480391199955,0.5864817279607158
197,0.0521445396763903,0.6829710431382351
198,0.053108813198146476,1.0777358283980223
199,0.054050883369934494,0.7401115698213281
200,0.05421373282873337,0.5970801333241577
201,0.05464061970195661,0.7496307016114031
202,0.05532604512511016,0.9564373446890384
203,0.05595389304757664,0.7006270884535475
204,0.058061434690882596,0.970941677708445
205,0.05910128491780654,0.782067607372182
206,0.059553890849568795,0.8083631780951763
207,0.05982797315099466,0.8391782518418053
208,0.06145298395527529,0.44871822918409077
209,0.06275943327337073,0.8476999049463321
210,0.06381251988244778,0.5446548411261242
211,0.0650563937068504,0.18488442906099334
212,0.0664662867584124,0.8712947090848094
213,0.0676968853258387,0.9481314868832893
214,0.06923285495274323,0.7355894402338344
215,0.06976743198563289,0.7826690085544764
216,0.0700669789160937,0.5385822106487717
217,0.07226180419942571,0.8375113409165659
218,0.07284707425698381,0.3196785878990744
219,0.07334385644592557,0.4913229379252376
220,0.0742956998322316,0.9700827889944275
221,0.07527687480613628,0.677303158485782
222,0.0756369614643959,0.8576216154038822
223,0.07621632482717756,0.8050481349533317
224,0.07699517355131144,0.4663123443941875
225,0.0774396579239202,0.41665464175137834
226,0.07862642805981558,0.8065178995716282
227,0.07908147491810145,0.5334827399872624
228,0.07923830695777394,0.6665871464139564
229,0.07934617301666844,0.5285816918584636
230,0.0805914528622492,0.22196340421382135
231,0.0823035902181937,0.36862541462024784
232,0.08666991196983055,0.5548667943636993
233,0.08711220587339592,0.5068205603240211
234,0.08832064767047032,0.43443763888787557
235,0.08884363360834827,0.2017427180827723
236,0.09106300923755752,0.38334668312925907
237,0.09215270141710753,0.34667910985273925
238,0.0946408135044279,0.8614841863744258
239,0.09609726399769723,0.3089623560280116
240,0.0962305434564023,0.43193979915695424
241,0.09689077985404347,0.6900248980853654
242,0.09796100466865133,0.6404987574325111
243,0.09869782313292133,0.508843634450632
244,0.10135447793633379,0.4356404576255708
245,0.10221069468680948,0.3746405881709962
246,0.10795113858801592,0.2579626532148135
247,0.11076339982075264,0.3563227351153479
248,0.11183914732315747,0.3300324438828808
249,0.11206221665433626,0.31117999464803797
250,0.12407079181688056,0.12959726102265393
251,0.13149049400347837,0.10366535154998822
252,0.13264499961011258,0.10580156474873105
253,0.14116948941304783,0.06709599873834565
254,0.1529008500966816,0.055924823921143216
255,3.0070999862819217,0.6536145397917044
0,-3.04165513988884,0.5630992149618175
1,-0.21248857104720642,0.1487464496195252
2,-0.21191580419035114,0.14079357616150426
3,-0.21030331017404036,0.10063273429356036
4,-0.20404724115984138,0.18346914539669895
5,-0.1992291110854855,0.24729923264425863
6,-0.19827081039808628,0.33693324597381147
7,-0.1973040992515227,0.4415428049215128
8,-0.19690079943295272,0.33218939045920703
9,-0.19543605446793164,0.5093545721756975
10,-0.19481133070646392,0.6112073151103389
11,-0.19422930609623906,0.3630616711353043
12,-0.1890486289520197,0.31295550174841014
13,-0.18853388659685152,0.3515643169328014
14,-0.18676045101852254,0.3948887972254604
15,-0.1863121390013178,0.4658719697503905
16,-0.18449206625968828,0.2723748686365166
17,-0.18240485570324796,0.23586383299719277
18,-0.17990927433181622,0.1684260673058361
19,-0.17946904264404318,0.23907564006549445
20,-0.177911638643496,0.34902279999276875
21,-0.17754968557377646,0.41569235768718665
22,-0.1771312774426175,0.7019914206967349
23,-0.17627956132098266,0.8216629902531238
24,-0.1758940309166304,0.7163906035871878
25,-0.1755424018892267,0.3909435203323384
26,-0.17532133279128678,0.351056363118478
27,-0.17462780061475192,0.6005705835396558
28,-0.17396510202243684,0.4638730694156995
29,-0.17289929283983807,0.6924802256019706
30,-0.17278011030156865,0.619424858611901
31,-0.1724517301502053,0.4527452624123667
32,-0.1718294761211415,0.9353033384329222
33,-0.17096593031162205,0.8220995412286586
34,-0.17059851887847433,0.5872297216621012
35,-0.16960209117126765,0.806064405392619
36,-0.16866204593660022,0.6935494965596911
37,-0.16814194285287298,0.4202070857029456
38,-0.16714743954205505,1.0306320560752527
39,-0.16305266420196704,0.5093709857663401
40,-0.1623895177495755,0.6517582693325606
41,-0.16131134090300758,0.3660828459579846
42,-0.15819109618925037,0.9752500213647776
43,-0.15810416431323918,0.6892829422439469
44,-0.15794589699119058,0.9565050379239304
45,-0.15721778026310618,0.6086576340633381
46,-0.15605084554889678,0.6894109321615782
47,-0.15389247936932843,0.6236294757239226
48,-0.1533581515467078,0.8159564408729799
49,-0.15177667014433957,0.732634227444847
50,-0.15099707164703607,0.31278800737953943
51,-0.1498201479855614,0.8586176313863788
52,-0.14945938821721752,0.8400820643937111
53,-0.14924029315371076,0.82099416071121
54,-0.14868759258651973,0.935714057268786
55,-0.14850754051285608,0.8807185914925129
56,-0.14809426371433945,1.0590578846306264
57,-0.1472066919940116,0.6758485100304069
58,-0.14505945769895517,0.7086780145677314
59,-0.1449990927234453,0.7584630300969121
60,-0.14428102602126378,0.5805345811072561
61,-0.14354451299160897,0.8477029441004603
62,-0.14310941073384853,0.9502455359303699
63,-0.1421842898335051,0.7556500940807952
64,-0.14136424738350004,0.781143056234295
65,-0.14016610157788656,0.5826028231442874
66,-0.1393746389738237,0.8097892822304129
67,-0.13831830034234835,0.6152458640318598
68,-0.13727208303110838,0.40836932748868765
69,-0.13602359113520937,0.5817373523577167
70,-0.13513649758612628,0.7876355923199369
71,-0.13432358147955886,0.537567190905801
72,-0.13347860241158419,0.4265333898845655
73,-0.1333871356311178,0.5270314626337668
74,-0.13189176874328482,0.878440651878128
75,-0.13090187175205326,0.6332052607037951
76,-0.13023956499103875,0.7340538224037705
77,-0.12993867473344348,0.537085457591795
78,-0.12990361248398496,0.6046425726835238
79,-0.12934272052990198,0.8671960588924704
80,-0.12882337852142514,0.6383068330714874
81,-0.12834995868180246,0.6632953996226154
82,-0.1274713247070163,0.5816862991051468
83,-0.12699552907316192,0.6513434509642848
84,-0.1265301525871964,0.5844852273314229
85,-0.12478516715545256,0.6468308147293158
86,-0.12415188324339439,0.5956439216350138
87,-0.12212479876744245,1.0228670034182596
88,-0.11980974827384111,0.4736873030716137
89,-0.11932691560509218,0.9065941934035745
90,-0.11915028657179046,0.7473101662289914
91,-0.11904771177839533,0.8636869046857004
92,-0.11815230112724592,0.4841116522261548
93,-0.11674602114803716,0.9711466239410199
94,-0.11571439879547758,0.7224801369106981
95,-0.11376002760510374,0.8286287856116619
96,-0.11309149223525779,0.5893886908975746
97,-0.11290025482391217,0.7489811698065814
98,-0.11173640356064635,0.4565411739323024
99,-0.1115826470720853,0.7301553791613897
100,-0.1106303135338038,0.8937378099490894
101,-0.10887791177845753,0.7678381040491538
102,-0.10789204756981859,0.5478729272800382
103,-0.10750707011861013,0.8493776396027554
104,-0.10680816223482201,0.5454617521365163
105,-0.106727520104867,0.8031267961786902
106,-0.10596280103387218,0.8427842135373976
107,-0.10537569381271732,0.7523614261183201
108,-0.10490788655086444,0.8205743968931769
109,-0.10436790786662974,0.7459377901376143
110,-0.10422819431869622,0.41134117161502337
111,-0.10338107210445084,0.43147917524159096
112,-0.10214114192654476,0.746769143293933
113,-0.09947759343368731,0.6933896747114735
114,-0.09893614363499138,0.7401642810591036
115,-0.09813107356328171,0.6845819113134339
116,-0.09759306139587691,0.5189782870400746
117,-0.09651127867686769,0.65734038401808
118,-0.09527109627905105,0.549633999306899
119,-0.09515141433198829,0.38201819934530656
120,-0.09385507416046972,0.7463574669272114
121,-0.09327437202358141,0.5685406130613382
122,-0.09237115465451617,0.33739241370493733
123,-0.0882459348693803,0.5355455401215721
124,-0.08749923027028374,0.4184240844828721
125,-0.08335719057476718,0.37665526588017845
126,-0.08181195421005683,0.15363526200795663
127,-0.06630601479518877,0.4447885709183535
128,-0.0558731254352678,1.0259778905736583
129,-0.039040569417267454,0.2166745577654168
130,-0.03740261033748945,0.5420232802101073
131,-0.03542417854221425,0.3243976962584189
132,-0.034676431933231805,0.22231255362638583
133,-0.030912934486495302,0.49814648644392856
134,-0.029219376901470716,0.9004197590997086
135,-0.028928042043366197,0.845501210753073
136,-0.027587742592977586,0.458252756103191
137,-0.026703830014503074,0.5928151744257215
138,-0.026108151372275953,0.4120865665567049
139,-0.02367662822893253,0.18643130542843497
140,-0.021745646182946714,0.3785928181216823
141,-0.021018537557024614,0.28580909468804194
142,-0.02092681186353342,0.47592449800656955
143,-0.020902714269931164,0.7460902827780395
144,-0.01988342117130596,0.9236103298533225
145,-0.018771293916427963,0.4782517334368548
146,-0.015649028616409832,0.635931443547872
147,-0.015398831795457322,0.695589330906757
148,-0.014525694971341072,0.6585969199124933
149,-0.013946685926108622,0.34289341875637336
150,-0.012775517042135798,0.8749372929416042
151,-0.012568776628686128,0.48043128803462815
152,-0.012274831478415316,1.149175400182449
153,-0.011583638566264069,0.6744340202773265
154,-0.011292759833657426,0.7015371455000105
155,-0.011066527711226059,1.0603220446367285
156,-0.010064070528547107,0.9758908301197989
157,-0.00937837407056005,0.9403646004590737
158,-0.009099030012094132,0.7503513164508456
159,-0.0075552999263683515,0.6157736078440657
160,-0.006649339206489376,1.0956158971561814
161,-0.006385186172435167,0.7963559008712794
162,-0.0037440133253009854,0.7737936039176708
163,-0.003636294062306223,0.6809406792388756
164,-0.00330549049106745,1.0566911200472753
165,-0.0027765179027222525,0.7890668144000272
166,-0.001718386814461418,0.9408038307209778
167,-0.0015755910397608653,0.7962528508726835
168,-0.0012499663899375006,0.7320242938630541
169,0.0006449157498700749,0.9941952585306502
170,0.0017291001651671368,0.6317580875992712
171,0.0028645026869411074,0.817077453629444
172,0.003982507002950855,0.4460091546785433
173,0.005188805453844638,0.731748896099218
174,0.005663822084711828,0.8852042297912954
175,0.0077119722211150855,0.30997237341206807
176,0.008267768938532774,0.5193894703749729
177,0.010573994902790537,0.3999241213794457
178,0.010804055653635668,0.6241596795355924
179,0.011870043270950386,0.353369329374445
180,0.012066062605127702,0.7039920157017043
181,0.013027733402380094,0.9743285613637274
182,0.014879898989691245,0.7385201059462126
183,0.015115398094348444,0.5835398335741209
184,0.015572910053375737,0.7791589558684597
185,0.01659088935050156,0.9067302505029552
186,0.017378603181684996,1.0384951351996712
187,0.01862216812933148,0.744951147859717
188,0.018747973433585176,0.7291682105733717
189,0.019106484072201398,1.005903996218374
190,0.019293283426290542,0.6947447304292215
191,0.02054859573275762,1.1300718844537418
192,0.021525511563692677,0.640085741871363
193,0.021825780336345725,0.776443958911769
194,0.022309257676527375,0.7216541697712168
195,0.02268454935217681,0.672359391327808
196,0.02344383009141395,0.9004329154758098
197,0.025023780485968174,1.1186967493870112
198,0.026609997774223376,0.8916990042349018
199,0.02690861079275527,0.8295132919110497
200,0.02709058901946273,0.8670806438214845
201,0.027233369514783418,0.5770927521244356
202,0.027880229665542423,0.9339952004975007
203,0.029601276996517663,0.9091497295011326
204,0.030540678972967972,0.9203121484375361
205,0.031037383814256077,0.9457048202731225
206,0.03152596465612882,0.45651654726458807
207,0.031729932896754,0.8034129287640276
208,0.032712492522898706,0.6392909928336306
209,0.03379913560852439,0.5596752071552187
210,0.03475907891805505,0.3968794236806586
211,0.035553416601067096,0.9234092929131094
212,0.03611023932303941,0.6058407503798677
213,0.03716970680612949,0.7674895990268675
214,0.03816322325821356,0.8184198333387395
215,0.03871545281216589,0.7487951940354318
216,0.04051927219281087,0.3809765211014531
217,0.04126202958647155,0.8867570489552046
218,0.04198039561976586,0.612262713074414
219,0.045516477005992075,0.7936091098825269
220,0.046786154065597205,0.7984753925480136
221,0.047575202345925535,0.5892662083504684
222,0.04772226244509326,0.6036549536918335
223,0.04824133741008619,0.4180872127869621
224,0.049774204163702825,0.29105214823145503
225,0.05071055962952595,0.33528210641633704
226,0.051783630260683916,0.6907769038875691
227,0.05222835283155876,0.5584908602349958
228,0.05415228685852083,0.972148217017124
229,0.05587051826984378,0.7545328625502575
230,0.05609451285812911,0.7673397341307704
231,0.0582991091705008,0.7726048228682055
232,0.05887088432234443,0.4730220416064246
233,0.05956073246270057,0.8017549857750792
234,0.05985655600379199,0.7525281340453074
235,0.06021598095474724,0.8151659293348137
236,0.06038152506742138,0.44558162090043607
237,0.06202266285441982,0.5750349123931483
238,0.06350555423069275,0.7431207104751081
239,0.06407200740380158,0.5578855009497508
240,0.06802460654450249,0.264637477750374
241,0.06848616689326342,0.23776194255240904
242,0.07088357371099219,0.21003271586715588
243,0.07271003956143962,0.3634162166815529
244,0.073941161416781,0.2574862026233532
245,0.07637490752119942,0.3850680025344663
246,0.07787360721250702,0.6046298056105259
247,0.07915773574725103,0.45292443947399663
248,0.08133081947908687,0.7469977476361515
249,0.08162537985859751,0.5599923954102325
250,0.08202594071618953,0.4560627292069702
251,0.08647365087979171,0.2589756224572782
252,0.09025487357384758,0.1628222520711008
253,0.09226977020865161,0.16583055724593143
254,0.09489292868218317,0.1440808403331199
255,2.9842228204945944,0.6717548824653402
0,-3.0107020208097213,0.6403262145698783
1,-0.13692954419512926,0.11853369909042988
2,-0.12475035452766213,0.27636627517053675
3,-0.1239828286374217,0.3049209884441244
4,-0.12136939115386265,0.22515945990547193
5,-0.11749009440908743,0.15817819274100375
6,-0.11308581268931465,0.2888511887029168
7,-0.11088747713451275,0.1926839052545108
8,-0.11040327071929354,0.370111473488619
9,-0.10929845360039642,0.3865295774859336
10,-0.10709327925774838,0.6588841105161232
11,-0.10585342113976025,0.3939283545022203
12,-0.10533099184993812,0.20981289934165245
13,-0.10199716446900584,0.2992108918531741
14,-0.09718165234091161,0.1739849573507384
15,-0.09584262424462867,0.33359626647882695
16,-0.09517009939122552,0.1491812335970097
17,-0.09377190501505918,0.24186766112836916
18,-0.09210852463516876,0.22923543744854574
19,-0.09012728046644003,0.3784144826842704
20,-0.0886335851663358,0.2318975488303234
21,-0.08756268075292002,0.6455334260574975
22,-0.08718433385221222,0.5774415837845134
23,-0.0862276235864034,0.1751245609453489
24,-0.0853165983777509,0.6413728944010474
25,-0.08459664633539254,0.6041902081093145
26,-0.08338898606730848,0.8455862196786761
27,-0.08267344338928355,0.6016292835812412
28,-0.08175391484419978,0.47966022979336703
29,-0.08096461893183753,0.6443463349904932
30,-0.08085719756152727,0.765077753236586
31,-0.08063128191833198,0.9529408244434111
32,-0.08019030597704693,0.9631061110473854
33,-0.07876908943943003,0.570860851258147
34,-0.07821107622267859,0.7041145139948917
35,-0.07752120322716474,0.8678009275270526
36,-0.07467914715601404,0.6009754697280202
37,-0.07438965077346575,0.5625507655157275
38,-0.07415455486371421,0.5540221003053187
39,-0.0727973784156145,0.5491628626915336
40,-0.0724515888509649,0.6086179988061535
41,-0.07200136685502302,0.5460241452359228
42,-0.07065804301643902,0.7560405026566914
43,-0.06972743525762407,0.47252874750266033
44,-0.06874453485770805,0.8062716777918302
45,-0.0682566968777737,0.6825951475412608
46,-0.06776683946822198,0.7739533109807777
47,-0.06696776289742444,0.9137034332945578
48,-0.06594131968301473,1.0229342627653093
49,-0.06455921899991268,0.36811950811027777
50,-0.06372838475805517,0.6651939133957611
51,-0.063066827170571,0.721742675257088
52,-0.062423607493382945,0.6409819719321294
53,-0.06167707038669211,1.0390262900369172
54,-0.06122213898269706,0.8005447830932174
55,-0.0598052127475957,0.6416943450434591
56,-0.05888953514612518,0.7858140491756529
57,-0.05844591836581951,0.44740646633895764
58,-0.057366807553356124,0.6705029491043958
59,-0.05686318417950387,0.9417293931600808
60,-0.05605968500248189,0.6801117787774689
61,-0.05560809767636566,0.32763288346546443
62,-0.054939908493144334,0.835037465492507
63,-0.05428753920507229,0.34654051851923123
64,-0.05386412080033169,0.3867633517394489
65,-0.050315605473155826,0.6853352822474141
66,-0.049532046947130225,0.5680915881814123
67,-0.048774505233964975,0.38806345953197036
68,-0.04853351428451854,0.5710719951298932
69,-0.047978512787224224,0.6069549809217142
70,-0.0479018641815689,0.4078721145931531
71,-0.04756755848421538,0.5859516451551137
72,-0.046962922976878145,0.7185980386543629
73,-0.04677572153538436,0.7814112605187178
74,-0.04613644107230114,0.8830710344716121
75,-0.04604929249477786,0.7124216446036054
76,-0.045211226861033994,1.0622390019002605
77,-0.04473882525467289,0.7374861859259263
78,-0.044164961234720024,0.9828910235358607
79,-0.043449437555054767,0.7819139935924203
80,-0.04265823840542762,0.976275667544322
81,-0.04162763668073629,0.9382550875855282
82,-0.04101445955176141,0.4657447749662819
83,-0.04011260219850453,0.699752357496495
84,-0.03939854777953439,0.9262157769582318
85,-0.038561759013738005,0.6318799144943742
86,-0.03820712676704283,0.7015131020192564
87,-0.037771595144328624,0.9243958197085658
88,-0.03678030478472791,1.1680148955732697
89,-0.03503386582027936,0.6587305664479719
90,-0.03454720353527616,0.48104496468060043
91,-0.03427863231398234,0.7979642427325717
92,-0.03403244376364628,0.7640909688085484
93,-0.03234612844133643,0.9760416883161482
94,-0.030343650728371713,0.4939199214765149
95,-0.029785253945228726,0.45571200706194714
96,-0.029657305393399763,0.6779333020128789
97,-0.02889656024039316,0.23423668563587227
98,-0.028264967871356347,0.5911475416723388
99,-0.027007314115277316,1.0622055104038146
100,-0.02543697013976087,0.6622047101029673
101,-0.024594453291463078,0.6097956853822366
102,-0.024236347444266216,0.7093221219700968
103,-0.023690076006284633,0.7130137805438487
104,-0.02179726387104367,1.2044114893204367
105,-0.020152285547756367,0.9422259227257814
106,-0.01941146193474449,0.8164386000134221
107,-0.0191012878810242,0.8098748191961087
108,-0.018376550033999187,0.8472511674576302
109,-0.01780052961400888,0.5028839978241969
110,-0.017637527621773282,0.8139999935903787
111,-0.017525131536365406,0.8224736072947048
112,-0.015621654901740199,0.9305231499631886
113,-0.014922457536854842,0.34312390145410965
114,-0.014117586257267556,0.9981651507363051
115,-0.013667041686895412,0.6399234566816399
116,-0.013340372983485276,0.7911038570496621
117,-0.013223509217354129,0.3446700743419955
118,-0.012365923501242968,0.8420425024483263
119,-0.010298262587650322,1.1536638762673792
120,-0.007455158292920221,0.492968310932273
121,-0.006911625840515646,0.8756576140643741
122,-0.0056890378165628894,0.5681163260228805
123,-0.00555373194390364,0.7657278585195183
124,-0.00480358412581276,0.895750548042958
125,-0.0034301927546222023,0.9512569655832462
126,-0.002456237094207193,0.684396240292962
127,-0.0021909110453555806,0.8210610024085829
128,-0.0008423701034451059,0.9343588436230343
129,-0.000487200217056584,0.7112526747682452
130,0.001961183038428788,0.8257158085719106
131,0.0030358053167836995,1.1138934066975847
132,0.004292720696419078,0.694770769909697
133,0.004855530073473668,1.0389915755886914
134,0.005610826597513336,0.7047840738952031
135,0.007866780008397313,0.9525100051805975
136,0.00940752231064698,0.40833087817160263
137,0.01030551123561255,0.4750357306183055
138,0.010727884066573707,0.4051076716953482
139,0.011939568903488084,0.9044804143782209
140,0.013153410486519879,0.8292553696537551
141,0.013689421538056619,0.41063452649832194
142,0.015528713048465934,0.6380015243989953
143,0.016987368114400537,0.9661486608916403
144,0.017888149473135606,1.0097774195241183
145,0.01954384059130606,0.5880586036377144
146,0.02180425595161652,0.5060298369142825
147,0.022247258696472972,0.8098548252796313
148,0.022724790355907624,0.6845072884360572
149,0.02353354578797022,0.9904214042093106
150,0.024125522190584833,0.6009924107182465
151,0.024298423000425645,0.383886838044261
152,0.025025519111549106,0.7403433537189437
153,0.02536115719366808,0.6605240002841235
154,0.025769864258182448,0.9060193847490596
155,0.02674987353325765,0.43353020739035103
156,0.02803243164836426,0.6674255943257175
157,0.02964180455920999,0.7888354621707739
158,0.03176367084055818,0.9696087032171858
159,0.032957438155417754,0.8595080804908595
160,0.03396553469424804,0.8120985944097548
161,0.034191107425249084,0.7263760379419045
162,0.034616762019612564,0.8038761926250739
163,0.03511779450247619,0.7968221668447353
164,0.03558967964109615,1.080978634530436
165,0.03593144162654051,0.7436190494305422
166,0.036227624824426166,0.7401963273173908
167,0.0374586325404323,0.8412976698894599
168,0.03819635009927435,1.073276121178039
169,0.03831596709139288,0.7698171448133166
170,0.03966752296094625,0.6573115386015586
171,0.04024048366113865,0.9324952263709344
172,0.0411804888508875,0.6374379024002178
173,0.04351174638732085,0.7858818769095671
174,0.04359093613949103,0.6127855096045188
175,0.044081121827972775,1.010672291878956
176,0.04495057380318503,0.9543143022165879
177,0.046144788364021506,0.7566618894143996
178,0.04664717716860913,0.5040843912616221
179,0.047550437765834605,0.9172334987569738
180,0.047708264351253346,0.8616156211405402
181,0.048142665656441916,0.3907325989841036
182,0.04868159759794526,0.533887165660698
183,0.04910296808063539,0.7801095720272733
184,0.04991755628736514,0.7298471060948548
185,0.050210887461124794,0.6510332641253542
186,0.05137066189338789,1.0961469860628732
187,0.05228607609095311,0.8677411762099955
188,0.05340782214697796,0.7695371713646848
189,0.05384694331933829,0.9674785845918289
190,0.05427512904502006,0.7849834414959908
191,0.05450451538503851,1.102502351514648
192,0.05494608647888065,0.6983032061579104
193,0.05535907347453441,0.900687976302819
194,0.05590246700731273,0.7397564282720661
195,0.05615677115321761,0.7309731034376715
196,0.05691967984370366,0.9696560571952253
197,0.05768889604752976,0.7205432805897414
198,0.0586048279596687,0.7254717770733464
199,0.05911300190124224,0.823801565617818
200,0.059749068623673685,0.8885926432040732
201,0.060659555315762864,0.8059172998125604
202,0.06080735332653264,0.7016256185829309
203,0.06121099484971739,0.9698300266727304
204,0.061613959288601375,0.7844033899103191
205,0.06269610369229567,1.1068463579804253
206,0.06372534211362231,0.6479527753937729
207,0.06455176606815162,1.0831163922524096
208,0.06542447580814935,0.683326086465976
209,0.06646258422636991,0.5614817335734643
210,0.06726430686478731,1.1023375975418754
211,0.068576850295908,0.7507351446938806
212,0.06878576033390893,0.7581030428766307
213,0.06910986845923568,0.4895710652239086
214,0.06963328554386569,0.8278921384698471
215,0.07058917462707762,0.6328343774803346
216,0.07144273173426056,0.7714103516793361
217,0.07194237236920689,0.49440446866682636
218,0.07352447188458767,0.4570742467428346
219,0.07400464901980842,0.37794930457141634
220,0.0751008291933189,0.3368015834380062
221,0.07967614124711682,0.8555587442582637
222,0.08141905792812128,0.4023258922731097
223,0.08194158321848215,0.8491081576486498
224,0.08236374955102639,0.6960848608543824
225,0.08346647253548502,0.8103558522346244
226,0.08483788362195128,0.38284768643037315
227,0.08567914372679097,0.5268401762524678
228,0.08668823098726386,0.20950535835196935
229,0.08886419862711468,0.5543279282250864
230,0.08926852439586545,0.6482508536492829
231,0.09001277989926791,0.612389773537566
232,0.09203214588175918,0.5313184377268227
233,0.09300771623023987,0.5266830574222087
234,0.09725648994349546,0.31070892002456707
235,0.09870688199091641,0.8428337893009056
236,0.09997494571910233,0.5943802182648312
237,0.10064391889859096,0.5012783859444421
238,0.10258046354374205,0.21227213433118372
239,0.10277147731206482,0.5219519230959884
240,0.10484118418145491,0.5397658265498768
241,0.10550646800217965,0.23172108492488902
242,0.1079439935182268,0.35718721093210437
243,0.11176580731910764,0.6379848207813116
244,0.1123963130029444,0.5662094552220023
245,0.11323114830134207,0.32355006129234376
246,0.11438637814858424,0.413349387331957
247,0.12090664259861662,0.3681809442930406
248,0.12232483437550776,0.3608270858257704
249,0.12331250488263691,0.40526703241227324
250,0.12433374473271001,0.2469960134670568
251,0.13459896713970637,0.06415411305471015
252,0.13712004646263568,0.06165593422638303
253,0.1447584628397331,0.15667862476580438
254,0.1605820307690735,0.10594675373919757
255,3.019122819325336,0.6247792707362458
0,-3.0231468339171115,0.6217868896334128
1,-0.19882691328308894,0.06955526268331458
2,-0.18422648196971958,0.13006736730020044
3,-0.16266957195419812,0.15364911002929912
4,-0.1454634066042733,0.08110370169523518
5,-0.1431496289065654,0.1657373788424816
6,-0.13992880691658097,0.219914579848474
7,-0.13912855670801985,0.33821947456109713
8,-0.1384597990241653,0.46630937415679047
9,-0.13535385944399708,0.14457928279919896
10,-0.1268724072909052,0.26844432347810754
11,-0.1222372021291326,0.3939518965761198
12,-0.12119972323873328,0.5316984047296163
13,-0.12001036183947915,0.28948455197352413
14,-0.1172689291367811,0.39541560435348416
15,-0.11554785628891451,0.37652070079795424
16,-0.11431349129027538,0.334883704599657
17,-0.11331868359736907,0.2310632992500659
18,-0.11200531489014919,0.1411307411157044
19,-0.11079283571346392,0.4883665056837118
20,-0.10843616550471452,0.41627574891713615
21,-0.10805247078458508,0.4678197134784198
22,-0.10649373117889106,0.2998527824279834
23,-0.10473430785935148,0.4535707189685621
24,-0.10339264982023517,0.39858528778234636
25,-0.10198408623281585,0.5114028496498193
26,-0.10165409238219075,0.696119202516057
27,-0.10108159828763916,0.6366385904286138
28,-0.09994621175067894,0.4237623253448367
29,-0.09793432287820777,0.7543629711029609
30,-0.09372331470907179,0.545749008278714
31,-0.09307494617605999,0.48518384108273965
32,-0.09294297645580789,0.3621466166656847
33,-0.09249588491583607,0.4632621650452156
34,-0.09236080389887995,0.4091838552677314
35,-0.0912266491560854,0.77409781912152
36,-0.08865496878204288,0.5286006913313415
37,-0.08678290761587822,0.3723468149771409
38,-0.08530706723168692,0.4920933198594296
39,-0.08452405730510865,0.6256904420743973
40,-0.0843925748009715,0.7367084026284547
41,-0.08305818455893088,0.4919980808909529
42,-0.0823903871447273,0.6328755273168951
43,-0.08208327472931676,0.5883497996756659
44,-0.08197998180391339,0.5116640725069149
45,-0.08131989818770069,0.9435446327392389
46,-0.08035529831234875,0.7859398739123746
47,-0.07809826423548175,0.427740846193407
48,-0.07686171855020328,0.20994094157524343
49,-0.07643228023510056,0.6983947931782863
50,-0.07608867335957162,0.7918003422373138
51,-0.0755321725621209,0.5314751926943546
52,-0.07520683529665827,0.6444865055517621
53,-0.07449304995789693,0.8856034966839645
54,-0.0737868963219309,0.6117688962400055
55,-0.07342145689450734,0.7398874804394164
56,-0.07333936783712466,0.9040772002832147
57,-0.07167223028681481,1.0611595004233374
58,-0.07027873180603879,0.7340584652131299
59,-0.07004376604068786,0.9333081176444377
60,-0.06859402498434541,0.8024228309187628
61,-0.06716207869513578,0.5893254155669475
62,-0.06676408426472002,0.49755061455374316
63,-0.06611394808890904,0.5204831991780104
64,-0.06535397713915068,0.8115593473664169
65,-0.06376596384094713,0.8244463500786112
66,-0.06275450880066913,0.46066128133907913
67,-0.061999815911429314,0.6296718360907035
68,-0.060709304715213734,0.8652624984835676
69,-0.0600870585069863,0.8326467352105815
70,-0.05987833256101951,0.9744392530620116
71,-0.059409326601762444,0.6092388247050291
72,-0.058759789816061225,0.7759864852169707
73,-0.05851014983714965,0.465493557022656
74,-0.05744202098254741,1.0768144072570405
75,-0.05646006837108662,0.573546754570986
76,-0.05570655336245729,0.8422830701063166
77,-0.055501705613860274,0.7471602435722594
78,-0.054438310457256854,0.7212223530879885
79,-0.053563764773616296,1.1513040869258429
80,-0.05187635271789843,0.837469507462617
81,-0.05142644088105444,0.566207107862014
82,-0.05105970725075963,0.9983040128966818
83,-0.05050963479669628,0.8193376962967198
84,-0.04974768652830722,1.1502001946610454
85,-0.049068860511067854,0.5934149673040083
86,-0.048262542378448355,0.4941638172903207
87,-0.04720891926646338,0.8126611907564008
88,-0.04694748863354944,0.962280593662231
89,-0.04551448304681608,0.6333639354775472
90,-0.04527099270951779,0.8942041344625808
91,-0.04437657031822593,0.513358235347616
92,-0.04408125335502647,0.9196039950807594
93,-0.043634418210683146,0.8662828232032711
94,-0.04315037655853556,0.9397366167956666
95,-0.04267026796767646,0.35935490985947854
96,-0.04107887594839149,0.8021214877408024
97,-0.0393646572953049,0.7421420733916979
98,-0.03872569334560098,0.555987736887641
99,-0.03769926291959896,0.9382764168573222
100,-0.03733696086209033,0.7210370244690545
101,-0.03720643747208726,0.6080012152035065
102,-0.03680879859805097,0.835111954745843
103,-0.03617090376518343,0.6594665423595041
104,-0.03498834820654347,0.4800396049625517
105,-0.03443864283060208,0.7334875264796659
106,-0.033820751030828905,0.8509978230071558
107,-0.03305257551254947,0.5720842503425997
108,-0.03172681174912794,0.4949335759337886
109,-0.029155657421321937,0.8101029223588673
110,-0.02630273859962134,0.34100360089297
111,-0.025490901283282262,0.7644830262976494
112,-0.02462199799986074,0.6115730024731514
113,-0.023937443229306903,0.46218554412817064
114,-0.022893024744562406,0.5072365684580975
115,-0.019243864830702992,0.3354360830090546
116,-0.017668949222106354,0.5947659284028167
117,-0.01735427923955877,0.8193983236749481
118,-0.01610451309536671,0.7417738829167213
119,-0.015862099311113043,0.6366084575040835
120,-0.014814391340757693,0.5800599262163679
121,-0.014401335537722241,0.3717364910356513
122,-0.012671349627807521,1.2045325515771688
123,-0.011094284189661581,0.7754224846857332
124,-0.010622003414231014,1.0069007583160154
125,-0.009550928382337565,0.7053488120594372
126,-0.0067963257631972465,0.6099920828586707
127,-0.006022084299098407,0.5564556442668027
128,-0.001845687885226836,0.8964048013366943
129,0.00017803494010534696,0.9748933513149285
130,0.0027485267278531548,0.5471683434463328
131,0.0032219406029114603,0.8125816256670666
132,0.003933332073260014,0.4786416892608498
133,0.004342533989868629,0.7733597915305438
134,0.009319299577249777,1.1198023158911334
135,0.01274048270840204,0.7551152702045163
136,0.012925099223400826,0.6861512551683911
137,0.013414944127921977,0.6144468348737545
138,0.013466715446552225,0.6761052088734105
139,0.0138796867582887,1.013969291013972
140,0.01686966944486855,0.6938665180877485
141,0.018213645410931872,1.0603294944560253
142,0.019313763131647756,0.779013444423323
143,0.019482346453083353,0.9745654384072477
144,0.01964114354841952,0.848573797946272
145,0.02055845992644455,1.0091780835014523
146,0.02115194288835896,0.7154444657772895
147,0.02130773506102011,0.7522348087206022
148,0.022232022335904763,0.8570051907339027
149,0.023509076842293378,0.7393425787720165
150,0.024696802214942533,0.7200925366922779
151,0.025764098928814674,1.0737715855925538
152,0.02646062524726206,0.7337640764772492
153,0.02700497837080432,0.6110779780806664
154,0.027522413951874443,0.7198886379532793
155,0.028109209914439066,1.1891181147551628
156,0.02957213082070876,0.5860458366219649
157,0.03001053283464437,0.6875864322209605
158,0.030737405227116384,0.8987806525453319
159,0.03143906020055661,0.4546519573378643
160,0.031742197664865794,0.4833476550262998
161,0.03264070251612356,1.0037567401039171
162,0.03310645037894641,0.6426463394417672
163,0.034381398909646296,1.0630811633577928
164,0.035455647729750336,0.6511250101094104
165,0.03685802397222342,0.7609253529834218
166,0.0376521601767537,0.48292459973694674
167,0.039382993657517115,0.8079086953746903
168,0.03995431045884416,0.4952969695995542
169,0.04180338170816899,0.707734858150535
170,0.04362639231096343,1.161797396724911
171,0.044592549611787005,0.5512514791437344
172,0.045008317643241404,0.4616002082527703
173,0.04573502739330083,0.726246426268117
174,0.0459799334785947,0.8962017093628784
175,0.04670400586503894,0.5988998164342916
176,0.04720809430196952,0.9885737519645093
177,0.04756163619445159,0.6039348575421917
178,0.04898633837734621,1.0141074903968847
179,0.05003585548537093,0.47273933747278263
180,0.050663891880104124,1.0505563903120916
181,0.05097360678138323,0.880525154567002
182,0.05109631323662115,0.801252986508889
183,0.051435982292049376,0.962556315813782
184,0.05192027324534892,0.977212504874821
185,0.05227389570191153,0.5841894610833954
186,0.05262944259061207,0.4669247501427789
187,0.05317677978549185,1.0049050762027125
188,0.05474817586810591,0.45263893164390434
189,0.05551301998693153,0.546575113822419
190,0.05628516146709311,0.5924538219346879
191,0.05648674989277146,0.610578489515398
192,0.057523477875055226,0.8399431640717523
193,0.059119610316630676,0.6834845348332586
194,0.05949328969118979,0.730667252039169
195,0.05960295612714326,0.4584859726560467
196,0.059837234712762706,1.0376549170571852
197,0.06015935429513087,0.8559284882511277
198,0.06173013146373966,0.8573495015711258
199,0.06212983901383892,0.5510157467234909
200,0.06358466332891236,1.013038788031693
201,0.06483515674428166,0.8191856567781755
202,0.06557649351709874,0.808308299586451
203,0.06588409664543826,0.940768673107915
204,0.06700094481984634,0.7327196632321944
205,0.06734403050802258,0.6988023358152221
206,0.06844738970375086,0.6510320462312895
207,0.06905512103719968,0.8190043267559044
208,0.06936055211740082,0.6720433526901332
209,0.07014506325807945,0.5700027643930511
210,0.07140220981595413,0.3955265234136321
211,0.07359700910967991,0.30911586486250786
212,0.07516807746290532,0.8456381890615838
213,0.07629834161298918,0.33527791966917303
214,0.07682979708238229,0.5260069370634204
215,0.07734268852109714,0.5396411259398985
216,0.07973584029537932,0.2653587942923281
217,0.08143394280763251,0.4307670653794732
218,0.08269644400209243,0.7218122386141104
219,0.08334737640700644,0.37349519090780603
220,0.08465447533537179,0.6050703714469825
221,0.08594149406769257,0.806786812202806
222,0.08710235059238876,0.43202662573125167
223,0.08829109602032731,0.487425904515179
224,0.08873561044724353,0.3404090260221104
225,0.08934543057340956,0.35784313583265986
226,0.08990941024359224,0.15694595173613105
227,0.09065675379319718,0.3220700063461983
228,0.09337099835562175,0.40252919500239953
229,0.09385168278898791,0.6620508591617797
230,0.09525220772959933,0.7116951320256846
231,0.09578584090171205,0.42748458592629246
232,0.09791206149893053,0.5192675786935135
233,0.09953351425063009,0.7049465332214067
234,0.10043208254170756,0.5313484490768201
235,0.10199327827747125,0.17430439143612958
236,0.10409961667194674,0.2233355066600614
237,0.10530085162382415,0.2841568187754736
238,0.11182308251596298,0.17334068499305455
239,0.1133773393031602,0.3202090913030728
240,0.11383842967955651,0.22892419948628792
241,0.1233080926195641,0.27332223256889404
242,0.12530653547326157,0.19317952058788782
243,0.12567138815593643,0.2668318936650805
244,0.12610816806819877,0.27846901673651614
245,0.12707634794976647,0.15301771462708383
246,0.12886180276595752,0.24968416215632966
247,0.13621353168137101,0.19935032076034687
248,0.13909325390274926,0.15551207637295042
249,0.14007208879453156,0.15104877414386686
250,0.14404790534890982,0.29539061098614927
251,0.1477736355823798,0.30146916721669015
252,0.1542691884931072,0.1506194809335
253,0.15867291428185692,0.14863697923858282
254,0.19669514706129215,0.067667431741164
255,3.010824985954593,0.645200716061322
