0,-3.1380440780151204,1.0841103155726286
1,-3.1300743386473746,0.7664662800941275
2,-3.113272292912744,1.0321820887836128
3,-3.1078599680136545,0.545361013497668
4,-3.106500735829428,0.7488704464176912
5,-3.069448855976823,0.7547283775793908
6,-3.0143569006338806,0.9638444778694062
7,-2.993444673218445,0.9294647963593219
8,-2.9702820409295,0.5760464520985079
9,-2.9466709444664505,0.720695309202846
10,-2.9178652205458113,0.8013919651143289
11,-2.907772334535994,1.0523860763900699
12,-2.8877636325525593,0.7685127180841584
13,-2.853860747771899,1.067839824113871
14,-2.831311745086768,0.6099013319348306
15,-2.8067481287668725,1.017315314397918
16,-2.7907011558563313,0.9634316089601193
17,-2.779935898953013,1.1141357636473004
18,-2.7757153277563384,0.9967719502258474
19,-2.7582049432240505,1.0027002911502403
20,-2.716130296482686,0.9964906125551318
21,-2.7091423301966002,1.1005922083831805
22,-2.696416412205179,0.8888308960683722
23,-2.6633502174608026,1.0463884648595037
24,-2.6546288606669872,0.8076690149278711
25,-2.638626342052122,0.9582810193516034
26,-2.561290701829293,1.1481205909431695
27,-2.5091641723086617,0.5167457499853665
28,-2.4901306693081144,0.5748947048070919
29,-2.478745400608401,0.9069860032231284
30,-2.446779218004368,1.099141411018389
31,-2.4213511844306574,1.1652428430380635
32,-2.4088058560965013,0.7967946257550331
33,-2.395805675221843,1.033473874859285
34,-2.3784975328550155,0.7972269981626599
35,-2.336579337831605,0.8113539654857256
36,-2.324449704450873,1.11646533210067
37,-2.317001953178957,0.9399238982702325
38,-2.2702522729276953,0.5917508414147536
39,-2.2429709452032265,1.1596601902401975
40,-2.1931643074424203,0.9448616966597103
41,-2.1591611173347287,0.8714236942735193
42,-2.121943847581817,1.0330707720842123
43,-2.0915773212277786,0.690026344048735
44,-2.0704930471882452,0.739709550118561
45,-2.0380182940541203,0.9717560806488714
46,-2.003684138107808,0.9453790830086549
47,-1.9699639776789863,0.7341901160873971
48,-1.9603374351479426,0.6012481898281963
49,-1.9427443023377498,0.9620727283490114
50,-1.929949812597321,1.0144155970436028
51,-1.9034486830298196,1.0508847261385919
52,-1.895220123050318,0.9662209095261041
53,-1.8803390057790577,0.8942938208613247
54,-1.8755413199027153,0.6041711831741708
55,-1.8507105165675155,1.0320659831019343
56,-1.807004927300555,1.1164866909437654
57,-1.7669887588984652,1.0295346430921994
58,-1.7275551683213533,1.0802053642499365
59,-1.7218087639817554,0.8618926826685929
60,-1.7060765156055844,0.9265788149522949
61,-1.6784067031470178,1.1477347887467295
62,-1.6628784816352378,0.6972711525849861
63,-1.644996810214322,1.1437237622984961
64,-1.6237613315476012,0.6747197374113991
65,-1.621334503420609,0.7928001548808797
66,-1.6047050874108884,0.7792918742820039
67,-1.5894492723073512,0.9924315313926109
68,-1.5825822513921655,1.0251965494378301
69,-1.5379329027844657,0.7213769220445405
70,-1.5156555697164549,1.1136604142070137
71,-1.498608935750111,0.7675224240074117
72,-1.4572926900180203,0.9554419193312619
73,-1.4496007700416018,0.8806577680651995
74,-1.4066778414894898,1.0693910153831623
75,-1.3935509757455653,1.1065249235210648
76,-1.3887341285225023,0.9227376464567212
77,-1.3764969462010976,0.6714186245443757
78,-1.3516612281118174,0.9232828708600381
79,-1.3380426160025682,0.9170093910960526
80,-1.2999476247283688,1.1668063612501456
81,-1.2726243057091404,1.2306566122724256
82,-1.2450789073921311,0.5616691681707002
83,-1.2252873265443225,0.6604835843678374
84,-1.2136158461825344,1.1308649350879791
85,-1.1903165350259135,0.7844266094837931
86,-1.1868164905196348,0.8131214579429434
87,-1.1552304628641774,0.7563439510974157
88,-1.1417803963017539,0.6196098512298152
89,-1.0951879333614516,0.7539846258488642
90,-1.0406801722990413,0.537177067250733
91,-1.0105534629829827,0.7329231934051524
92,-0.9598948025911906,0.7245587833206573
93,-0.9395419632082662,1.0584309631332542
94,-0.9345192272621093,0.8260251107450177
95,-0.9073798679219166,0.968380493842212
96,-0.8853191842134809,0.8995756110426074
97,-0.863676086069579,1.0108013013061927
98,-0.8478293831387334,0.7937678358684174
99,-0.8176214403639267,0.6887427382336654
100,-0.779560860485328,0.8299949708260352
101,-0.7660124851723242,1.2552654040271884
102,-0.7519738994999104,0.774243726390279
103,-0.7333472350271536,0.9550622186545892
104,-0.7066494993743672,1.2050385449941294
105,-0.684315332935585,1.0632076222295337
106,-0.6729132788433938,0.8891089667780362
107,-0.6490341985288154,1.0770599718983984
108,-0.6365474280564719,0.7020694188128589
109,-0.5697361012665949,1.1907068625861177
110,-0.5452516669342645,0.9591594566015473
111,-0.5287291287313374,1.036906312705879
112,-0.5033490899634063,0.745393433095289
113,-0.46284028527383103,0.7918847331365273
114,-0.4476290230776874,0.8475959537966137
115,-0.4047269842359854,1.0269372877212948
116,-0.3917028628088646,1.1328498333022736
117,-0.3841048539863654,0.7844756438100116
118,-0.36313414453211507,0.931450100745414
119,-0.34847542305913864,0.6770022627286268
120,-0.33575726128530525,0.9120824595512144
121,-0.3142897175064551,0.9473695572148774
122,-0.3044826202088983,0.9565615074606363
123,-0.26273983315715443,1.0985869412904161
124,-0.22990545462484807,0.939430135083273
125,-0.21100042414762235,0.9358961181426841
126,-0.16391051251642713,0.7056197938132223
127,-0.13823786447700348,1.0131581827150227
128,-0.1066399851939996,0.6124663961979387
129,-0.10135963205753493,0.4654090873664489
130,-0.05292900412718879,1.0040155365046926
131,-0.03785730412663971,0.7876248494954342
132,-0.022282520577443312,1.1112518319770148
133,0.012565744657564312,0.9192010884721438
134,0.030116276460104015,0.8371203142095248
135,0.04206456124400009,0.6967701470929866
136,0.06355417809465332,0.9276807588928617
137,0.10535867005751211,1.1161051393388386
138,0.13204817433999883,0.9983764367156954
139,0.1435475498222865,0.9822086179503432
140,0.1587548961627369,0.6824395298433491
141,0.22097564651414756,1.154229030481554
142,0.24363447156212342,1.081609958350153
143,0.29238164424409563,0.6589715999003951
144,0.298016721742844,0.5554120003656124
145,0.30564365299284274,0.5888210749332999
146,0.35153170788776783,1.0400931503623219
147,0.38786504962379587,0.6401795384058027
148,0.4007113346068309,0.9929430436951092
149,0.4488480286531204,0.6658699336429845
150,0.4720667591506785,0.747229617196427
151,0.4856989787678272,0.8855428558802738
152,0.5463761947835153,0.892965670896402
153,0.5579168049082683,0.7871035371355734
154,0.611886293581135,0.846507055228999
155,0.617722223761662,0.6752630203495784
156,0.6252146769436066,0.9266744391848328
157,0.6634071187723136,1.1147853276744915
158,0.6870653973585793,0.7268281948121478
159,0.7055448527913395,1.1252553293025178
160,0.7545569906961064,0.8332448804614861
161,0.7792858621119936,0.4002834498824786
162,0.7868890720933446,0.8693004400370584
163,0.8114812386908563,1.0742325458694917
164,0.8233236914348528,1.1152735922122834
165,0.8322257052195212,0.8070702862108385
166,0.8771890688176565,1.176783409262591
167,0.891474211427985,0.9457382931174948
168,0.8961743814543721,0.6914651405078941
169,0.9079975948939633,0.6087403367242152
170,0.9347293012227965,1.0427761226599492
171,0.9633117982533452,1.2443711971790334
172,1.0101662152880153,0.7533259923010416
173,1.021464905492224,0.9443479082604388
174,1.0324860779359617,0.9394777696696608
175,1.0636168781377684,0.8854982756158959
176,1.0786334827333146,0.7348631115432934
177,1.0988972239831498,0.9028988814197528
178,1.121433560770917,1.101922667058319
179,1.152360357256453,0.8461191521425205
180,1.1811021443810064,0.9747472874545773
181,1.1978283677529349,0.7479939236232822
182,1.199408921310901,0.6485885177985553
183,1.2396909383012478,0.9382972239702692
184,1.293509877124389,1.2016472492767352
185,1.3244156146925612,0.7786606912440925
186,1.352216536317936,0.8229454995682632
187,1.3550961415126017,0.572163664995982
188,1.3733616068370862,1.018876017948604
189,1.4105648506863526,0.7321173529224577
190,1.413608703082864,0.7168247186876109
191,1.4510493494024699,0.9826643799215498
192,1.4755234464953457,0.9699081922650208
193,1.508464535601215,1.0951246458041284
194,1.5340047478663765,0.9546681624378616
195,1.5402651110444636,0.9792850635297388
196,1.5518918666015438,1.0794636000570619
197,1.5823319032939431,0.6157672748039441
198,1.6311904227255336,0.8959444673205971
199,1.6410308986239803,0.8514419769764819
200,1.6522305304665603,0.6748480207995715
201,1.7014132090914862,0.6449445919381034
202,1.7100196750769467,0.7004062116411984
203,1.7465482301324082,0.7178835769742945
204,1.7617917849894775,0.8545662353847059
205,1.7746496476035616,0.8351532600677813
206,1.789492498004201,0.9754942453713149
207,1.8176576741780544,0.9694062594963481
208,1.8356287702733907,0.9378329113683543
209,1.8450429440871647,0.5467767782273951
210,1.8653903053786303,1.0250848767700136
211,1.9029918457846797,0.8504958604156373
212,1.9310106687609354,0.7246120188913412
213,1.9738626858647355,0.9894942443505591
214,2.0054455801832427,0.9227424090814319
215,2.039937754261663,0.7637573647330729
216,2.07415388825592,0.832146550325587
217,2.0881979040106384,0.9396351052527981
218,2.110325038618098,0.9206541455494051
219,2.1364121964220777,0.8750586706305336
220,2.150140258208426,1.1870431802130845
221,2.1573728863000277,1.1564558868592094
222,2.2233064375828855,0.7515072577540913
223,2.2590914363808303,0.611075817236771
224,2.264203253949186,0.9596541892510986
225,2.274037367350687,0.9520323154825338
226,2.309912411386198,0.8482892596664218
227,2.3206931252705725,1.0581448605859258
228,2.3379316845603446,1.1469729056129037
229,2.3740064284408966,0.6109712265959674
230,2.4008694507023374,0.9496715970747021
231,2.4327130268120074,0.5684933099138741
232,2.4464155588444125,0.6399516018875758
233,2.4779609244104335,0.8223835492307099
234,2.4926085674075664,0.7290264564017884
235,2.497810055261536,1.0777114066882865
236,2.5142465849958064,0.9150648149653929
237,2.556373443055468,1.1551496675146553
238,2.5929569413956806,0.8495394714573393
239,2.61109545076996,0.7023269942396706
240,2.620943696404357,0.9529852611785646
241,2.63100594556287,0.6623060078081787
242,2.6470314252910425,0.515359078502316
243,2.7563330320240857,1.2056750966144847
244,2.828140888992118,0.9629433188640669
245,2.8588765155287748,1.2017860401790825
246,2.8982776053430825,1.1095286775291917
247,2.938755738497044,0.924352885265286
248,2.941963900893282,0.8881679668460531
249,2.9633434508362284,0.5369576147557917
250,3.024907125088851,0.5062422020354043
251,3.0382699781799603,0.645295520068813
252,3.0592716753180933,0.7750084734808951
253,3.0834834734290535,0.9665618421305464
254,3.09316817626916,0.7639065396754199
255,3.112006562145889,1.0185096128455338
0,-3.131982651435979,0.7499187525847475
1,-3.081353577118642,0.5436087613882346
2,-3.0561742876701317,0.8696422604808152
3,-3.0102180133962713,1.0833543345673253
4,-2.923332225526506,0.5525792080768361
5,-2.917916842230094,0.7809516052192949
6,-2.89937620181696,0.8112944654128987
7,-2.875725541778467,0.9137084463119226
8,-2.8580513002453616,0.8301842569848087
9,-2.8335073145612415,0.6438175877829297
10,-2.779551716775992,1.1120780995387198
11,-2.7585126596153673,0.9232833197540758
12,-2.7203787691218704,0.945180649284365
13,-2.7004785409979255,0.7717116600858138
14,-2.681791450018726,0.8362239096968115
15,-2.6511614714075495,1.1117884927206718
16,-2.643528045734903,0.9981290362160794
17,-2.628874363183072,1.1407909135088865
18,-2.607315388118049,0.9111292854268889
19,-2.5919946916120282,0.8927821580844401
20,-2.5783505542350835,0.6618366930242396
21,-2.538539626427291,0.7028489918096049
22,-2.507186268602588,0.7899817971502092
23,-2.4865842709596584,0.8501078352603263
24,-2.4778806498435277,1.1254458816290973
25,-2.446247196842228,0.7140957098470748
26,-2.430312612908394,0.794319265347604
27,-2.3956167750316655,1.177770348238271
28,-2.35513822093607,0.9240678305188824
29,-2.334389156532402,1.1487424808240707
30,-2.289487428636624,0.7117691276306023
31,-2.284385715004004,0.822178394293885
32,-2.259637559692969,0.7879727810114907
33,-2.243053581290557,0.8331343754730554
34,-2.227890256750057,0.766196412744937
35,-2.220861517949052,0.6793096994550994
36,-2.1900379047730367,0.9353049905341365
37,-2.187410614832155,1.1135759120939757
38,-2.1814222750976042,0.8642984054942365
39,-2.1670603585095503,0.9168092902200602
40,-2.152208270447276,1.044971499136564
41,-2.1306111042841938,0.8885326014000042
42,-2.102043206952608,0.8348476826762968
43,-2.076672321348085,1.0583797375030106
44,-2.048631427994476,0.9421629186579622
45,-2.0160859227350545,0.7065209806384407
46,-1.9692969904982507,0.4647639414664247
47,-1.9530311795890052,0.824204609390754
48,-1.9011273329995295,0.9400041920946076
49,-1.870197143845863,1.0333338705838186
50,-1.8507176509098344,1.0311884013533155
51,-1.8430099839046088,0.9958026912020149
52,-1.8228683058747417,0.8589516554061047
53,-1.8122926381930038,1.038838344467751
54,-1.7789473294613936,1.0460856459796464
55,-1.7591778555473874,0.8837786632577491
56,-1.7489466361138966,1.0548513057164788
57,-1.733514184522014,0.6076524958301288
58,-1.6942414206057692,0.8825907241617733
59,-1.6530262460251968,1.0279260786879587
60,-1.6425146204126053,1.0230407283507015
61,-1.5571419869878715,0.38126685293895085
62,-1.5242014188198465,0.4772246055087167
63,-1.5080552304009827,0.6030749918743917
64,-1.4780614200088487,0.8780394383561378
65,-1.4380635898042702,0.9900118222254534
66,-1.395202363993194,0.4441634847132676
67,-1.3622948266897232,0.8881056115069222
68,-1.3476895388496626,1.06063821794567
69,-1.3181143206267183,0.5984773516822642
70,-1.292618928198348,0.8951713942666464
71,-1.2734126147143048,0.7894863051852612
72,-1.271100439176929,1.095858091027809
73,-1.2660031878134297,1.0404416264566083
74,-1.2450777312779358,1.0642826904992773
75,-1.2315009817827414,0.8750247757890385
76,-1.199756442851069,1.059269399591275
77,-1.177557921559736,1.0192630625909687
78,-1.1385255314919698,0.6467404484456684
79,-1.1059299235226447,0.8310093663548273
80,-1.0689518828420936,1.0982858393703812
81,-1.006517730129101,0.5638278170928908
82,-0.9954437452306206,0.6971969547626361
83,-0.9786771262937557,0.7236205737796774
84,-0.9714992761354799,0.7168023935717449
85,-0.9517030413771436,0.8759415151402283
86,-0.9197428092597137,1.0362556106699579
87,-0.906296985778957,0.8884638723778736
88,-0.8972060028940482,0.9733832770081248
89,-0.8670500735194384,1.1200930692517677
90,-0.8524119741443266,1.1668027051335854
91,-0.844452803252124,1.0980359213868596
92,-0.8374981172975673,0.873923838366797
93,-0.811529768880596,0.9534552254119176
94,-0.797964233541928,0.7644551086768295
95,-0.7681822929592504,0.7240250647003712
96,-0.6900945531344901,1.0612038047471963
97,-0.622601566796847,0.6279351464300159
98,-0.609725288899832,1.040907860830711
99,-0.5761712102215022,0.7077474084698144
100,-0.5685272720563347,1.016166462110412
101,-0.5437739892468045,0.9257312828584474
102,-0.5340260138489111,0.8906197804213598
103,-0.47756880047386707,1.0919567672619979
104,-0.43869535474340526,1.0261848620821477
105,-0.429562510709233,0.6562795459537617
106,-0.4205590582958243,1.1197961753236716
107,-0.38280248657219446,0.6791100775969474
108,-0.3615249375345933,0.8468036696288643
109,-0.35417877983226603,1.0155581163998093
110,-0.3450709651829486,0.8490298382584247
111,-0.33023500327990263,1.0608412408671304
112,-0.32782117811746503,0.9744673164611652
113,-0.2867212307497473,1.0357829206247207
114,-0.2502915841694605,1.0755676495424198
115,-0.24003798415887392,0.9634333746657411
116,-0.1923544593162846,0.704572185159754
117,-0.14461465739290652,1.1320905604264746
118,-0.13679015414935933,0.8051969503102571
119,-0.09478674711550493,0.7702666700831291
120,-0.06413201232994417,1.025195226404299
121,-0.05523822078231792,0.916278605587525
122,-0.04152057303606787,1.000467300582856
123,-0.003346362972658572,0.8366672324021712
124,0.024569948903043023,0.9077389344952606
125,0.05821855705476772,0.645946047211801
126,0.06953496053583517,1.0052617177631578
127,0.09078673057091562,0.9678745501899492
128,0.12610661784627109,1.0410616536198418
129,0.132313416321151,0.8273840847575639
130,0.14336871892797232,1.1505162213984201
131,0.15105710849722176,1.0486955468294406
132,0.1957054527263416,0.7731632540449156
133,0.2131222164897609,0.9226836001109371
134,0.2386888453839653,0.7512013397273134
135,0.3056749452032876,1.117567846656539
136,0.35360111909787556,0.7385485557457963
137,0.36995698193670545,0.6667670638801554
138,0.3750572643768989,0.5947407766046671
139,0.4202776825325793,1.0618836387987056
140,0.45775145388963967,0.6772508047612792
141,0.4903009821935534,0.7972420245585418
142,0.5073771683222924,0.8061696627409425
143,0.5304275304455555,1.023664717882384
144,0.5601261205156692,1.0384242961795325
145,0.5794436889701241,0.7211990056375894
146,0.5863430219364885,1.0661319509312877
147,0.5961714585496257,0.7514425768820789
148,0.6010928089096211,1.1682516187177736
149,0.6288100307479413,0.8232256134663951
150,0.6560207084861884,1.0449059139538481
151,0.6661796451710009,1.0427525973765528
152,0.6765989294199473,0.9772663947160285
153,0.6915075459470722,1.0348913328389377
154,0.7059895297248006,0.8319661337988131
155,0.7319469369332885,0.9370202432238883
156,0.7491960585495625,0.5697307166922648
157,0.8020782238467387,0.5155459569204407
158,0.8100396856872983,0.9990792506232256
159,0.8192182087072183,1.0548887946063605
160,0.8441234474249402,1.0192768005827917
161,0.850779910244311,1.1227050196463597
162,0.8556110061566955,0.7942868396158493
163,0.9199275591954965,0.8468038553750923
164,0.9371152390624118,1.05725338345209
165,0.9657314997828492,0.9711944867774515
166,1.0037374016699405,0.7134686226210826
167,1.051370698935973,1.078819880565918
168,1.0803480963879708,0.9948491754301225
169,1.1194112661554134,0.8068661329910768
170,1.1339869120065635,1.1673387978497982
171,1.1604151719239182,0.909413280972865
172,1.1724038748842491,0.7638424375727486
173,1.1809204412060175,1.1018671300001355
174,1.2113494661457498,0.8616001898095585
175,1.2619527499838532,0.8258133394133904
176,1.2688947780718793,1.12662270908275
177,1.28244391416692,1.072069933594563
178,1.2919248845890678,1.0289447983620683
179,1.2988205498779042,1.0519335867143058
180,1.3255260811890028,1.025178008251081
181,1.3497728773087763,1.082153315417985
182,1.3772607500684917,0.6601163810456538
183,1.3992879671547593,0.8638357143130886
184,1.4441268446220343,1.1107058511909942
185,1.4597515713864366,0.6853378860595454
186,1.4918070970753825,0.9957701688400844
187,1.5003830159715166,0.9922894714548326
188,1.5176597443252522,1.0539637930630605
189,1.5350945983403397,0.7323313220554182
190,1.5669222321239569,1.1434550438621405
191,1.603420647478994,0.6631310450630685
192,1.6188040428920505,0.9134977059568792
193,1.6413836695368536,1.107664963205495
194,1.6648602230263407,0.933233820273722
195,1.6914605480648794,0.9173807043315554
196,1.7274360412345529,1.1102110199003954
197,1.7596236805210315,0.755468945468259
198,1.7741281973852734,0.919935945421745
199,1.7872846587187015,0.7009207679101225
200,1.8129750740118173,0.9299362094173289
201,1.841366884452414,1.1010251232071857
202,1.8699817257007756,0.888725120957878
203,1.8927044994638909,0.8737277100946312
204,1.9001477427463787,0.9274730153647551
205,1.9274464096625832,0.8492131741789266
206,1.952580037249079,1.0620968535641395
207,1.9972240056246897,1.1238255358071332
208,2.011571438919259,0.6863572577574473
209,2.017949527355485,0.6229214881654389
210,2.0451910850289883,0.8759116996668228
211,2.06248668395177,0.5958466366269299
212,2.0709719437811427,0.78061164245113
213,2.0918157255098144,0.9590824474988371
214,2.0947198997501695,0.8104635672532999
215,2.098821040234819,0.8986904636860971
216,2.1317406898987112,0.613350265123482
217,2.1381077846637444,0.7583108343672202
218,2.1726575683245324,0.46423906741893217
219,2.217627385484454,0.6588257337970829
220,2.2427837442881478,1.2627217454717856
221,2.2849665420041267,0.8760954268875693
222,2.300068886746884,1.0155422200200797
223,2.322995507630123,1.2092292682111638
224,2.3484326284780415,0.4216212544396419
225,2.3789468868555046,1.0081708382497658
226,2.3890755755228317,0.8972392304992576
227,2.411214678614266,0.6135155833333796
228,2.425941836363549,0.8849886240236541
229,2.444114178236858,0.8615170193905556
230,2.4886507439074874,0.7526930024777518
231,2.5148038936064085,1.0264015184573296
232,2.581039966200923,1.0526882423399972
233,2.6050016689869135,1.0852381003950384
234,2.632923389437972,0.8806794282102077
235,2.654392947074056,0.9290462352675504
236,2.686403183126357,1.030414729869299
237,2.7207082341503734,1.209263995808967
238,2.7540637514895883,0.9604607307421839
239,2.7565271919329803,1.0460806739347743
240,2.783744168889632,1.0459962023470273
241,2.8100660423750172,1.1067424725817816
242,2.8175465411279945,0.9041154382699078
243,2.823771691459923,0.8725344079533424
244,2.8434655651700664,1.166836397237166
245,2.896327111440314,0.7957091295642386
246,2.912765998249566,0.8611353071198846
247,2.920180044120864,0.7588633389716595
248,2.934697788842398,0.8723342993901585
249,2.9443782294904475,0.9105312398178846
250,2.965068861847877,1.1430361664187076
251,3.0305957124355998,0.7886471320730295
252,3.0681752844446857,0.9118486092894046
253,3.0879201926220987,0.6673568913365169
254,3.09810599009371,0.7306412014047536
255,3.1232635832298317,0.7414538657884293